106 923 4610 6780 1789 6383 5256 8532 9777 4036 259 3155 9589 9212 6104 281 3168 812 5202 9237 227 8529 8924 5463 1541 7297 443 5084 3318 1354 674 4042 2121 2478 846 9746 1258 4534 5860 3018 5960 6854 8280 2951 3025 6784 8302 3788 8046 4575 403 4388 6771 5335 6823 7663 8662 8101 3807 9700 5212 5051 1357 8387 6559 8103 8516 5074 3500 4907 375 9942 6596 6551 994 3571 7150 6456 5482 9197 3131 4158 3178 3888 465 3359 2156 8786 2228 1252 9260 4962 3387 6221 3258 6963 7838 8330 6724 7650 3976 8566 2983 5458 7760 5072 5039
106 3545 7954 5833 6622 1960 4076 240 8731 7258 9128 2436 2634 7906 4007 4393 826 7037 3664 5378 2638 878 8666 5402 6932 65 1103 5680 7741 7349 6765 3216 3396 6230 4973 7588 5949 4466 4398 6531 8812 3860 1095 1288 1475 7207 8942 192 4886 1645 4273 1028 9005 4652 4213 1712 7408 388 5109 4024 6546 3362 8493 5815 4732 4276 9595 9925 8437 7794 9410 9938 6768 2314 383 9240 6501 3648 6283 6480 7712 2163 9039 2392 6241 6543 738 753 2479 3480 3796 7723 4072 3080 6303 7259 2816 3761 6384 5752 2138 7350 392 9395 3801 4802 7134
109 7766 4715 2431 727 4627 8431 4182 2334 8062 2419 3940 5055 5786 7786 6734 6048 6634 5870 1420 4865 7941 7331 3282 4795 1041 1304 3304 4172 7913 434 155 8914 8232 1447 5799 8604 9232 6125 609 5387 2643 7082 9373 743 1818 9293 2512 5901 1669 8523 1072 6652 1136 4830 3820 4668 138 2188 3133 9606 7336 9517 9188 6838 3698 8359 5016 237 7993 7960 8692 1363 6682 4339 7407 6267 4420 2029 7123 2840 4767 1608 1391 1332 1467 5780 1023 867 9161 6226 6584 4427 216 1865 7969 2648 1039 8016 5133 8938 7159 3896 1489 4272 7422 5778 5494 8730 2418
104 6896 534 5789 7496 9894 5360 6508 565 5763 5903 2891 7105 5079 2672 8477 7699 1832 7615 9592 9995 4698 1117 1817 975 9855 9456 3727 2105 1269 168 8244 5113 2879 3578 9071 3822 6482 9301 2158 9998 3555 3016 9390 2401 715 3913 7366 9739 9374 2869 2825 3164 6741 7570 3000 1346 7585 7874 5194 4473 9693 463 7116 3416 9566 2730 4777 7371 3434 3207 3941 7619 9926 6502 7352 7269 8649 3576 3593 9346 4035 4411 3157 633 2798 7871 2319 2201 9811 9387 9430 296 4983 4922 5456 3140 5010 1942 9149 2614 5478 4822 7626 9198
105 1634 9418 2112 9285 1993 9134 9365 8233 732 9000 6705 5486 2625 470 8624 4573 1758 4768 8677 2170 9847 9445 6093 2710 78 1074 2475 1491 2214 6152 602 2054 2219 269 2165 779 6035 6923 9310 810 2368 6519 7873 8130 9446 7543 4274 6202 8335 3878 9510 9359 5883 8525 2409 9114 5588 513 9350 5223 8934 2563 400 8417 6415 1881 2513 3444 9554 5048 9755 2078 4251 8447 1965 8597 4750 7981 7848 813 8389 5266 9723 1243 7272 3804 8805 6439 3909 5890 9881 8209 3323 156 2863 6613 4710 3309 2797 4002 3473 9937 2719 92 9164
110 2636 8460 1010 4060 2059 5101 8200 8962 1897 3533 8866 4568 2345 687 8319 7784 543 9008 1183 198 7618 3378 7477 9061 3183 5272 927 1980 3195 563 1845 7490 4844 473 8106 1315 3521 502 4360 4271 1317 3203 9547 6802 5253 9205 9701 2660 32 6976 3249 4032 5664 4562 6086 1680 2861 241 3035 8589 5001 3715 3431 9111 365 7437 7015 4428 1216 7746 9170 3601 4034 5884 1771 6836 8765 6873 9271 8281 5929 9710 7400 4470 8947 3068 3197 7978 5158 2935 4772 2440 7584 1253 5466 5190 8784 219 396 7209 3218 1649 931 2153 3177 571 164 6635 2266 648
110 5230 7367 2979 9253 9321 9859 864 8214 3872 2358 5346 906 9969 6371 8697 1969 1066 4836 6843 1706 1040 7592 7245 9155 1565 3384 706 3451 9644 4547 4455 2150 3583 1101 5077 3201 2956 9982 9550 4914 371 292 2931 7111 9682 9880 4782 3055 8455 1602 3293 4025 3223 169 8037 6857 7085 9295 7821 554 6922 681 9130 358 5490 5262 8484 6648 5782 5981 6258 2053 2641 8301 1264 2973 5298 827 9768 3969 7398 2245 2352 8608 2236 6544 733 2038 6129 4648 6706 5604 7949 2692 8779 3292 2462 2210 4957 7638 8422 7509 6377 4228 7678 5806 2374 9081 7639 7443
114 6664 5665 9499 3021 5370 6731 6761 1312 4413 7554 2386 5636 4888 9384 5600 569 548 4878 1511 6187 360 933 6142 7939 582 5941 7846 5321 2126 1825 7744 4331 2305 7742 6790 6671 6189 5918 4608 9493 7566 5767 5827 6729 2546 1945 3994 8741 2895 4187 1986 8032 7632 5746 5495 8462 7590 3766 3612 3030 8897 8823 2885 4918 5631 8737 7464 9656 7356 2738 796 2459 2412 7768 1350 9226 1056 4374 385 7560 1172 1282 7818 9124 5375 9235 832 2113 4510 547 9261 9133 177 634 8351 6610 3518 5070 7357 4201 2485 2689 1840 8035 3739 4649 8087 2396 7468 6677 5762 1593 6463 5187
111 7499 5265 3806 1919 6701 4212 3661 8018 4960 2007 2591 8790 1668 8012 275 8941 7970 7247 3064 1537 4286 4646 4033 9478 6308 3110 4181 6039 9597 544 1222 624 7355 2761 9208 1291 4968 8535 4875 5174 6542 6196 9923 774 8845 8401 2970 6605 4175 1060 1286 9676 6364 5152 7645 7381 6748 1531 5698 144 4749 3510 1996 3551 8868 6360 3415 537 5283 6915 815 5725 8511 2234 9722 1811 2274 6585 5936 7987 4303 7890 5955 2605 3693 9340 4321 1973 409 3963 8475 7552 5322 3136 2351 8761 2565 7553 1795 2622 1349 7160 2723 283 4243 2596 4606 5015 5774 1004 5090
106 5037 3884 3787 1 8725 2977 6525 2033 5968 838 4045 1743 2773 6557 2707 5728 2013 976 5043 3616 1915 8229 2204 9706 7321 9784 1451 6470 1798 2516 3887 7889 4164 8274 5337 6973 297 7936 5380 5534 9302 8478 8299 6298 3214 2295 522 3111 4863 8080 1674 1322 4625 6211 4593 316 5682 3156 4790 8855 1671 9439 5501 5554 8987 1262 5988 3599 6969 4666 148 1490 2309 5666 1683 3465 4167 7386 7467 6386 3651 5214 950 4506 2363 8842 5270 9762 4869 3009 5217 9372 7915 8751 7058 4104 1885 407 8594 3711 9383 6885 8672 6091 6575 1142
104 2922 7213 2176 4400 2559 9997 3248 1600 2070 258 6474 4935 2750 4821 654 8436 2601 4476 3949 7899 9716 2030 7155 5098 5741 6310 8988 3352 8611 8250 6689 9050 8423 6988 6794 4683 8674 4169 3873 9774 4300 747 1899 5134 1508 9713 7065 9178 1553 4838 2580 7551 5358 1804 2933 4538 6964 11 4798 1231 9614 6428 4139 969 8222 2151 1463 9773 6464 3719 7738 6936 9480 5659 8161 6097 855 7829 9876 8172 8825 3753 482 8923 2505 1385 7169 4191 7923 8824 1449 2317 66 4901 8776 6026 7808 6414 9541 650 7402 9720 1052 8691
98 147 1148 1021 1487 1851 7156 5025 2049 6548 9330 8435 215 234 9886 8049 289 6972 2857 6515 6985 9538 953 6889 6261 3224 4424 1629 9599 243 5484 9891 8263 4358 5679 6401 8341 9424 5807 2487 1380 7365 3039 3997 9921 1473 7586 9633 322 4115 5078 2255 3803 3613 8295 8360 88 1855 99 1421 2779 5818 8193 6251 1936 7112 3989 2822 9792 9730 6803 7623 2915 5102 8980 6975 7624 4439 3260 1968 8978 1736 8517 5311 8241 9020 6884 577 5817 8015 3877 2997 8333 6015 6726 6654 5545 2799 5676
109 336 6615 1521 1229 8132 256 4967 8615 6994 7979 221 8721 3915 9344 3836 6950 3053 4198 9711 3993 2293 9688 1302 9674 5199 889 3520 6054 6074 508 4192 2980 7991 6214 2796 8846 2500 3881 5007 6900 6120 0 7208 8899 6484 7346 9393 395 393 7089 6974 8322 1138 5975 6931 8720 4116 6984 5919 913 3103 4843 580 7190 1802 2954 4387 2928 4685 6449 9433 7827 7240 9404 797 9329 2262 7697 4570 2260 5127 1653 9512 4936 2118 9545 7425 3948 5257 8933 7568 64 9956 1155 7835 7194 5521 7693 5328 6772 7878 5777 9356 2832 6425 7107 4108 9325 6849
114 7479 419 4465 6755 314 1474 6167 2892 2379 6589 7175 1886 7495 9246 8429 5359 8088 3298 870 7341 5621 8669 2258 7637 3912 851 7002 4778 9731 1203 5414 5547 7012 7278 7733 9048 4006 9896 759 2696 7444 3607 6265 4994 9865 7417 7958 7930 3908 5319 3617 2713 5236 3073 4373 5995 6759 1468 6567 6696 948 8364 7335 9315 9843 2342 1857 1341 5483 137 2432 2571 8313 5237 5647 7685 6529 4299 8067 7317 3740 9063 5209 5011 4000 6330 7613 3044 8040 3958 3471 382 1485 2144 7106 704 1272 6435 3066 4165 4147 6649 8265 9763 7540 766 9163 5792 7932 1534 5245 4467 3439 5577
106 9213 1221 1472 7305 5961 8285 4738 6240 7847 20 1741 2313 2186 3765 4315 5407 9504 2111 5295 401 4362 3225 911 18 9238 6357 9002 6113 4344 9961 9788 3841 7593 2718 2742 5694 4425 2384 5087 5867 5669 5036 1574 6760 2731 5515 5591 9466 9364 2008 8518 8857 6757 3250 4385 63 9862 466 6661 4282 9276 2766 3017 9154 8785 4581 6337 8415 2782 1409 2252 6119 4454 8199 3242 6740 1868 6547 3747 2551 8393 6956 6491 7857 9940 4523 5281 9408 3036 79 6024 9848 4742 1102 2282 7743 7757 4197 223 4811 1878 622 1657 4607 6069 7681
111 3102 6448 8973 7823 9950 1129 6875 527 8448 5686 1772 682 6498 1051 6686 6820 664 5920 249 2767 7476 9889 2310 8550 6595 3060 2213 9053 8975 2506 2372 7752 1809 9581 1465 9265 106 8963 6587 5798 5413 7165 5993 3237 2456 3857 4792 2 1283 4980 3966 6865 1458 3983 3202 5861 858 4437 1974 3269 2867 503 3653 412 3375 7401 7409 7556 4031 1488 9195 924 6367 965 2941 983 8496 8598 6881 943 7228 991 3322 4845 8658 5201 1713 5382 7856 153 4751 6238 9434 3706 5220 9796 8852 1532 5559 4067 558 7596 23 7337 4478 5811 5046 9101 611 3550 4840
103 6300 3565 5447 6057 361 9223 5063 6554 7419 7358 1678 8454 9202 9386 1284 4320 3099 5300 2813 8224 194 3050 8404 4155 5341 8629 533 5880 2470 1091 2734 4149 9571 754 2758 8463 9771 9069 2637 3307 2762 4812 535 7429 425 7102 891 7583 9668 2012 7667 8510 5460 3190 1027 405 7324 1696 1293 1425 945 5164 250 9586 1941 228 9741 9300 2035 1390 6268 9073 8007 6678 3460 914 7423 5412 5985 5803 7814 4281 9927 9290 8472 5516 748 9396 230 3588 7296 4188 4082 5045 7995 8373 8888 7090 1169 5006 9929 520 373
101 5207 3585 2626 3686 8288 5684 552 368 5231 300 5947 6948 8357 4020 189 4098 7538 3065 2388 209 5289 2714 1461 7715 3276 861 3382 5719 5329 3332 7234 4017 2199 7379 505 6080 7186 4996 7641 131 7138 7677 3922 5141 9999 5205 1834 7532 9131 5829 6331 2194 6408 7523 841 5638 7378 8773 2676 8371 184 4554 6252 5549 3548 5922 4753 6541 2283 5512 6600 8084 2026 6253 9988 4091 9516 2873 1762 302 9423 8753 9895 2562 2807 6903 8189 3252 414 4343 6284 8195 8268 3926 6870 2016 3504 5560 4183 2667 7683
113 5616 3019 7911 7088 2318 8235 2720 4170 7154 6767 4323 8323 9199 2880 9019 2434 5475 4891 6644 3791 6156 3906 298 7761 5068 1270 555 69 5952 3364 1073 4511 3602 7010 9513 9905 6454 800 9244 3379 7675 1331 7343 9135 9874 1285 3758 111 3524 4974 3799 6856 1418 7435 7177 7440 3028 1294 9979 2137 3330 1406 5819 3230 6084 8689 7071 8549 6469 7387 6060 8486 798 6372 488 6987 3070 2842 3320 3584 4527 2130 2406 2994 968 917 1265 3189 3973 2069 9459 7670 8818 6967 628 962 4558 2577 3582 4252 7754 3999 7292 6049 4337 1407 8989 746 8411 7380 94 2325 2539
121 7024 2526 320 1586 1194 541 5017 1006 3408 4111 2683 567 4222 8744 7488 4776 8061 6810 1836 352 1911 2525 5825 9367 8967 1583 6815 688 3972 7389 4266 3417 7446 1017 390 7534 5756 9727 9719 2818 3647 3091 6641 3816 1529 6908 7724 4094 9443 7956 9555 6842 9782 4986 2108 8910 6876 4618 5292 9254 8317 133 8807 7271 3151 4713 897 8125 6098 7287 7740 8679 7421 2370 712 2936 998 3405 4016 5324 9526 7264 5950 5990 4992 9309 4569 3650 8828 8907 1150 4302 4744 2582 4940 8546 6198 3278 3539 8311 7180 7841 5 5385 3461 1863 2205 536 2235 3563 6894 5487 1686 129 2952 8325 4341 8406 9314 2834 3149
110 6826 9922 8465 6365 7083 9211 4564 2148 6094 7220 303 5832 8763 795 5156 4617 3361 1396 342 4179 3673 6620 7316 4040 4851 7445 3525 9167 8375 5026 6960 6375 1746 3657 3169 9703 2865 6092 1929 7573 2553 426 1259 9947 3233 6691 8116 990 2955 242 2658 6064 8042 2051 5954 1059 3033 1192 6166 2371 3546 233 113 8774 4498 8715 4911 9326 1992 1622 3395 4429 993 4879 5899 1920 2858 2155 3241 1556 5394 2473 6603 3920 3610 7562 778 5323 8 2633 9304 1127 3665 6044 6869 4163 5107 7843 1939 3790 6475 4119 173 1484 7461 9222 9959 2347 1573 9339
111 7505 2953 9420 4785 1572 4788 4087 7074 553 6067 600 238 9366 2494 7029 7660 8245 3849 5491 1067 1035 6937 2104 7716 6461 692 4126 399 806 2343 8723 3985 2652 5235 8703 3570 9014 2906 9494 1871 6243 6041 2275 9488 1956 937 1193 7388 6460 8120 2940 9075 8676 8410 5200 1077 4808 7980 5277 5709 8643 9750 3720 5306 5677 4701 3336 3085 2390 2441 3076 8610 7054 9312 8537 9675 9444 1650 7447 4874 6797 6021 8612 528 1605 3809 7916 3161 561 791 7605 3554 2278 6100 8426 110 605 3150 8843 4589 8183 9756 3291 1925 9612 5683 7043 8788 3477 9308 7124
103 1147 9322 9193 7040 8367 9245 1516 4590 272 6462 1137 9121 9316 2336 1526 7855 2093 5244 2253 6427 4509 8009 8702 5280 4681 7497 1707 5123 5685 2499 2102 2586 2161 7323 8153 1935 901 4445 9601 2498 9948 6897 680 3552 5302 158 6858 7206 7718 7456 6636 9924 2670 5814 496 1749 4615 4068 8983 8409 7110 2402 882 2077 3422 1145 7688 9280 6651 3513 546 7788 7263 8680 2060 7630 7753 4065 6083 8097 6311 1274 6000 4296 5408 9672 6564 205 1292 3846 1641 3839 8908 8953 5389 9292 3995 6517 6935 3455 6225 6945 866
113 38 8918 8749 903 435 2179 5769 6717 7035 5284 7606 1507 6008 895 1632 3977 3314 458 34 1177 3045 8500 1776 7628 2405 9502 8204 7006 6053 7798 9056 8112 2222 1070 1188 7868 7572 421 9345 9611 716 3760 5977 5931 3784 7046 7298 8065 1662 8704 3006 6351 8883 6798 4823 2883 7084 7267 7599 3932 193 2927 9580 5299 3853 6597 4805 7448 2855 604 4556 2948 1470 2515 1889 1744 5633 4130 8451 3204 6662 5838 7339 1370 5210 7609 5858 2862 6732 3667 9229 9946 4816 7218 1985 4127 8304 7635 5273 7671 8949 8576 6185 5040 3967 8957 9085 3502 7229 607 1557 7882 1946
116 6373 3895 384 1299 9460 925 905 9803 411 4536 2471 6676 9025 5536 8850 4412 8771 7922 6124 7068 8599 1179 9650 101 8169 5643 5668 2540 2308 8882 772 6382 7452 5820 2191 7731 4114 3467 3057 4754 1612 9363 7170 8719 4500 7574 4978 8567 9275 15 550 2812 9508 7055 9358 1813 9800 4255 9831 6345 2839 6640 7569 2270 8667 8705 2217 2220 7327 3987 7548 1824 432 9590 1446 7399 4405 4316 7726 5627 9255 8653 7996 5590 6223 1760 7527 5459 4117 8078 7895 3485 5122 2400 4824 1894 5802 4642 7022 3400 2772 6490 7384 9136 7620 2555 9482 9382 3179 726 5653 1084 1376 1648 5384 8147
105 9035 6996 6645 4486 9011 3031 7844 6699 2003 2741 1125 5159 880 8560 5112 5681 5451 888 464 900 1482 4909 5925 3568 493 1099 4350 7121 486 7975 9992 8374 8163 1940 3274 8965 3614 8896 5049 9496 6824 4288 1476 7172 6071 4787 1392 3134 1034 3488 3759 8054 2657 6217 3936 6505 8156 5864 145 7735 5645 2579 2289 676 1279 1705 9353 9607 2897 6570 8342 6128 6177 5662 1527 4658 2691 7537 7546 8237 9600 8131 1005 3088 1308 8270 2666 5464 9486 7494 301 2097 9963 26 3955 5294 2914 7077 5317 4097 5809 9560 721 817 491
106 814 2685 7130 7369 7225 9542 7498 3210 3082 4403 9557 6891 4150 2517 4880 6158 7128 8438 1290 190 2870 9403 608 1917 3264 7195 6459 2326 3117 1796 4934 7434 9428 356 6465 1355 6835 8178 1415 4186 6090 3618 5162 6592 1660 7235 8179 6737 2024 5189 7080 5279 1492 764 7243 4543 8690 485 7861 7582 2337 9151 6725 2294 885 6393 5014 9337 9391 3206 5605 8033 2299 2536 1716 1071 3042 5332 1199 7198 5971 3399 1160 2407 6924 9695 2510 705 1334 5747 201 8859 5500 2420 9272 8312 2593 8622 765 652 7328 8210 1313 9702 7602 8553
118 7749 3991 8651 1287 6001 354 1112 3100 130 6811 9941 789 4109 823 655 4279 9729 9872 9357 5757 247 5428 1931 7284 8688 6966 5689 5594 542 4716 4484 8616 6163 8499 7695 9389 1732 8886 2511 3001 8077 7792 6011 5247 5029 5826 5639 9583 3543 5477 940 6045 279 7721 7864 8394 1134 4676 3007 339 2763 3208 7631 9986 9753 2608 1497 4612 9176 4977 2646 1481 5911 2783 5522 8533 9678 4947 4275 6909 5606 9515 2445 4932 2031 4485 7959 8881 8282 8817 3109 3104 1698 831 3412 7036 9893 5390 729 9043 341 6477 2726 1486 4571 7717 1200 2098 5290 9498 1560 5553 8005 1702 7430 1791 8099 2624
102 1523 9775 8728 5913 424 7669 2340 5050 6868 9142 8174 5497 1515 894 6655 9789 3421 2604 176 8814 6814 3514 4134 3938 6147 619 504 2552 1387 1015 7656 6845 4416 9531 5161 5617 3490 4309 7965 2480 5155 5907 1248 7928 8693 3098 4692 2411 7181 9914 6521 6340 2303 7182 6117 2884 5793 8885 9009 9933 6387 5310 7334 2014 3624 6959 2075 3059 6672 7614 8315 7376 822 2976 4503 5030 4895 6161 4216 2095 1118 3144 1383 2962 8188 8408 8165 3357 9076 5731 7793 1750 150 3676 9738 6539 6933 1126 6062 1545 4535 8927
107 1546 6326 2173 2711 9954 2911 4786 4921 7189 2119 9150 9175 1591 8900 8508 4432 2793 3227 7815 4969 4981 1105 4585 2080 3606 4915 4058 5143 2160 5059 5646 6674 8135 9523 1625 8909 9256 8307 1495 7204 5934 9509 788 277 2439 8726 7934 807 3611 98 2232 9286 3631 8701 231 4829 6246 6779 7086 8960 9873 8249 6710 2502 657 6136 930 9490 6624 6248 5713 4123 2395 5356 3180 4955 8635 4043 4567 9483 2285 5343 2043 6276 6989 7489 1551 9506 9117 3864 7361 8246 6781 3281 3040 6195 3251 3280 8442 6573 3623 4313 5551 62 2457 7666 7069
103 5126 5948 6711 8011 1568 7100 7251 376 232 9106 7579 6390 5572 8211 6290 6029 2315 8853 1501 592 6457 8298 4102 222 2794 2349 1198 1412 1140 5442 8503 5232 7426 4419 5997 6333 7210 9806 1578 5203 7994 5568 8055 3714 2886 3124 7776 8230 8129 960 734 9814 8647 8561 287 6895 749 8414 8073 22 5432 7482 7059 7 6723 7900 9943 9108 1757 5510 9965 2291 4763 3536 9362 9808 1424 762 6707 2122 3299 3696 5474 6027 2905 1721 140 2474 7295 997 9816 3186 6683 2248 2543 7502 671 837 2827 8755 4595 40 9844
112 8727 9934 6528 437 9462 1228 2042 4295 2609 2477 8646 9029 8944 3215 8867 9400 6368 55 369 1806 9854 284 5184 8972 1958 3228 7047 7870 9269 3509 1464 1867 3501 3710 3327 581 3494 1394 4162 5615 416 9760 8276 6934 1888 3373 5488 348 4679 9251 3749 1208 8350 450 5868 6955 9664 1427 7694 7013 847 4383 5632 1309 7674 4247 8670 6043 2203 5939 2254 7470 5145 3752 5128 4430 8039 2369 1595 6306 4073 935 3288 9525 1164 8020 21 5721 2537 3825 8336 2174 6617 621 8968 9473 8995 2079 5083 4737 8854 6687 4211 8413 9766 5012 865 8538 3811 4920 4389 7137
107 3503 4864 2760 9957 107 1731 3566 50 9448 7597 5480 3797 418 6530 9849 1257 8154 9576 3193 1046 7785 1528 1877 4376 8618 4635 3871 6235 1898 413 9216 9120 2242 7612 6332 244 9878 6977 3222 8089 9779 6056 311 7790 8029 1460 1549 7197 9904 5702 8835 135 6510 3947 2324 5195 5707 3347 4185 6078 9836 7640 7413 1393 5753 2195 6764 9820 8252 958 8851 9058 5433 1401 2247 588 666 3560 4140 4597 6795 4882 8045 8961 1338 2545 5471 8291 7045 1979 988 199 4766 8880 1025 68 186 1752 7136 717 6313 2382 5656 1581 2795 3561 7202
108 4609 4928 1799 6291 9097 7244 3556 4220 9978 6288 8675 5650 5088 7030 7176 7734 8993 406 5940 2944 5377 3875 6108 3677 5567 2751 4203 3547 7167 7696 4457 2824 9414 9817 4987 1846 75 152 4533 121 7658 9825 2929 7020 1187 1347 6033 9157 477 8289 871 6112 1975 9145 4636 82 4902 4061 1870 6618 8577 6168 154 4318 2211 593 8388 8118 3363 8621 3290 4146 1715 4092 6411 6581 3775 330 3627 3530 5181 5748 756 2486 4634 1989 306 7625 1120 6028 8992 3746 9185 6228 5891 7789 8152 4708 7833 7545 4244 1011 440 8418 9219 9263 4675 3713
107 3243 7920 9153 725 884 2616 7096 7374 8502 4520 1934 8736 2613 9887 7215 6777 2180 8870 9659 5706 9984 3590 2610 9864 9846 2875 590 8574 5422 5206 2468 3403 9484 8146 9577 3741 5091 89 6245 2942 2497 9487 6352 9625 5316 4596 6882 7885 7103 9841 1808 8271 4267 3499 4707 420 2985 8349 9347 3232 5213 9970 4807 6116 6907 2082 7797 6442 4488 8316 8714 5566 9119 2814 1631 3092 5916 6904 217 3957 6941 8641 7503 9697 474 2157 1938 3743 3429 9252 4086 3679 8791 1679 3213 6754 9570 3069 7561 7654 5872 9916 6930 6979 2560 415 7603
108 6995 5118 9835 6281 2600 5075 5902 830 9928 7866 6786 6453 8008 5308 8026 2557 8767 5198 4194 710 2132 2669 713 2131 3128 6847 981 8113 7524 6914 7382 265 1466 5426 6633 6073 3540 7500 5608 8144 769 3800 6455 1214 6416 7985 6343 7528 9464 6348 5743 3659 8284 3950 3840 4489 4395 3968 6394 7391 8729 4576 1913 3296 6513 6023 3597 9752 5423 3234 3328 3604 6031 4574 2518 5138 4422 1552 3695 9307 9608 1316 1587 3411 8076 3004 1233 6002 8309 3496 3911 6785 6614 4047 7363 7480 2385 453 1190 2361 4885 8929 7968 8221 868 305 7684 1236
106 7795 5349 7914 2787 9582 5099 9870 5909 2377 105 7078 9064 6719 4872 8564 758 8104 4258 5580 9973 6660 6986 3522 3366 3904 3086 3162 2739 5781 7415 4770 3544 1506 9033 4862 108 3998 9587 4964 9666 1689 3956 210 1525 9259 8630 4984 367 5261 6783 1033 7811 5095 8092 7253 4723 4930 9818 8863 8494 179 7957 350 3694 7802 2306 1330 1977 6004 2120 2391 9733 7837 5331 3441 1576 4096 6918 2961 9236 7075 7966 8339 6782 8004 8226 9122 7023 3482 4965 3413 3735 2187 9077 3929 6434 3113 6669 2697 2618 7094 8917 9652 5081 5635 1344
113 699 2328 181 7223 5626 7205 6242 8936 1335 1043 3959 9381 2329 6496 1502 4758 3289 8925 4999 1554 1504 3083 5904 5987 2394 2735 4474 516 2603 5951 422 6467 6714 5994 1819 1580 6998 4637 8362 8911 3626 7836 6302 9402 3649 9283 5876 6065 8710 1835 2339 4083 8945 5409 1903 1209 6036 7031 4540 8513 8207 8384 2838 4971 9696 3105 6003 3674 1614 3907 6571 6127 8308 6832 514 9935 9148 8668 512 5843 6317 293 3351 7887 8766 5897 1724 7925 4284 8480 6419 9875 5775 5204 3472 7226 8407 74 9944 7214 3725 8650 3235 2866 7231 9412 7393 2548 2323 7986 3515 5361 3381
101 3311 8343 8893 398 5286 2900 4079 4370 2048 9983 8126 449 6639 8874 2106 8075 4577 5071 7888 7633 9004 9852 7255 4989 6010 7702 25 3924 7474 6716 9679 3261 5448 4660 2926 6378 7649 781 9837 1141 7804 6753 745 3317 1058 6736 696 9468 5234 2728 7580 2197 4704 6829 5765 2348 2781 4497 9294 7127 9184 3430 8378 5595 4553 5340 1503 8072 7778 290 42 6068 3132 1078 3654 5562 9815 9475 4084 4336 1874 2454 8000 146 3175 6659 3562 372 3074 8186 1963 4793 908 1416 3984 1087 8066 1168 9635 3683 9651
108 5821 4184 1139 8028 7019 6444 2272 2019 9734 8081 526 6704 8085 946 1026 942 2507 4103 585 5602 7973 7896 8491 9072 8403 4900 7782 5437 6430 2312 6468 5526 7427 1366 3094 6380 4906 3534 282 1756 2168 7354 6578 5218 3404 2594 3489 46 5227 83 5388 5438 3834 2133 4760 6991 1733 157 3238 7221 9795 854 1378 6905 7428 4820 849 1289 3666 9010 1171 7912 1094 8259 9772 7686 5032 2746 1778 1321 8869 6866 2424 2428 8194 9749 4512 7997 1957 3147 5371 9087 8794 5942 5197 1726 4953 2756 2503 1777 5869 4001 3374 3090 5367 9046 6681 3037
106 4733 1455 630 6077 6793 1306 500 8552 1930 3919 635 8257 479 8733 6880 8331 5835 7756 3452 3325 4654 2791 8955 7141 3324 4207 697 1432 844 353 7216 3835 8102 9813 3447 1972 8479 7224 1195 84 6588 7755 7017 6374 4231 9361 7491 8894 9429 1080 886 8275 3049 6099 6801 5663 4027 8682 9284 4051 4359 5671 7475 610 7115 775 2073 4177 1197 4250 2671 9602 2871 6887 9869 2092 7309 8620 171 7028 7729 2607 2821 2469 2085 9641 1902 6792 417 9850 5461 1598 260 532 226 7280 8891 4089 5086 2932 3642 6236 8139 2193 483 2212
111 1158 35 7770 6210 1873 3874 4528 3564 1318 4301 7146 1000 7203 9646 1182 4444 2524 4633 8205 3724 3830 1003 4365 347 5350 8515 6412 1048 2088 718 9105 9900 4859 9045 4614 3435 4461 6297 2784 3921 9981 6432 1377 1251 9527 4268 6229 7876 6096 3170 4809 5163 5498 5849 5496 7238 3817 2627 669 6877 7988 9360 6126 3354 8800 3372 4946 4842 3662 9250 5945 7533 8069 1970 5674 6342 7260 6289 7737 6304 5574 934 1884 2789 1535 8531 1353 2435 1844 8543 947 9065 9431 3401 1122 7891 6487 8110 7044 3931 7432 245 2680 5760 1891 1452 1152 404 5420 2924 224
109 4217 357 3437 2774 5054 2854 2849 2690 1821 5470 3742 4905 9449 9892 8096 5614 8366 8512 1133 4338 2443 8656 104 7961 1967 180 4349 7953 7967 9078 9289 9173 9955 1742 8829 8381 8457 2297 631 9667 1435 6145 5263 5502 8521 521 770 4799 5033 441 8940 3899 4372 6561 5699 2426 6837 566 9596 8058 8772 4206 7412 4813 7672 9016 4541 3034 8068 1801 5465 1423 4645 86 197 3978 3810 2464 8738 1405 5116 4100 5364 4621 4941 3106 7791 6063 9273 460 3108 1729 5900 9266 3120 9605 6059 5140 2721 6133 1937 3783 7845 5892 2541 5252 8190 7416 3615
113 5439 7972 2847 4505 9690 572 1020 3697 8639 1536 8742 7308 6354 436 9279 2982 7511 2635 2267 3672 3691 7974 5844 326 7627 1319 6512 8762 3744 9712 6978 6495 2521 9962 3965 6381 6254 2959 3448 6535 5287 3767 1697 6840 874 2251 6325 1952 9757 5366 6032 2527 4322 6114 1642 7665 7807 7016 2984 2046 7246 8530 5221 9559 1981 8450 1500 6733 3688 3883 4353 6553 5357 2716 3669 9761 4078 6307 9828 3 7070 1998 3865 6376 8111 805 9626 623 1833 3670 1417 19 9827 4171 7810 1522 7817 448 5711 6750 4124 7860 9610 7397 3219 5303 1271 8157 2990 7161 4834 3605 7577
104 7706 5738 4235 2717 2934 2530 6295 7372 9910 5932 3894 7191 8634 7252 2198 7239 4144 853 103 8293 2752 6643 2357 1722 6294 3891 5768 3029 1816 4774 7000 4931 6244 7212 4022 3658 8959 4966 7265 6369 6259 1673 2925 3165 3398 6309 2061 5196 538 7027 7091 7863 2943 5696 3634 8220 2675 3075 4308 6349 4584 9368 5100 2759 6549 7033 1621 6921 9159 379 7950 489 3826 8797 3793 3484 2987 141 9447 5667 285 7302 8663 5251 4945 8030 7578 6673 2481 3671 1599 8770 3656 3418 3848 2939 7992 557 4143 3329 4044 6942 4330 2881
108 2355 1755 1159 3821 9829 2215 5620 8251 3541 5307 1109 4705 4522 5132 663 6402 1156 3486 6647 589 2037 4426 6563 2908 515 2693 4659 2811 3869 6025 8310 617 7767 2184 4151 7099 5754 4841 4306 6509 7052 49 1665 2408 1775 6076 2642 8711 979 4855 6874 2238 4277 9636 6356 7971 9632 1850 9012 1456 6170 5064 7142 3927 9156 8247 4544 2311 8185 8913 2062 5652 4724 3511 6713 9103 5260 47 2287 3764 2338 2679 8047 2946 9243 6993 1036 2754 3704 2066 334 5374 1659 6604 1596 4028 8789 273 6958 6299 7061 8191 3118 2802 3933 3172 4314 2103
98 6579 6443 3160 3736 7830 5429 7042 4227 6009 4970 161 3755 4982 6350 1249 787 9018 9793 9248 1375 5186 4118 5472 3581 5944 2647 5607 7825 7051 793 2785 4259 7241 7368 9165 7607 8681 2896 3952 5772 8196 5628 1227 4669 1797 9397 207 5473 8901 2967 6489 2140 8452 5695 5658 8258 2331 8937 9472 1512 8019 9821 6819 5989 1128 5973 4616 8105 5776 6466 6199 1297 1550 5593 2644 5517 7162 909 2366 257 9579 1389 7536 349 4050 8368 200 3079 5885 3158 3343 8119 1780 4132 3084 8889 6879 2145
110 8100 8060 3011 3663 2572 9967 9200 7879 8497 9805 8528 4849 638 2178 3342 5318 511 85 2826 8520 4396 7727 8171 3850 2709 9692 8361 1793 972 7834 9477 9203 5338 4178 7062 4237 2447 6282 6621 2380 1132 4598 5879 4218 6928 2919 9645 7713 5326 4335 9994 3639 744 4113 2233 4106 6607 8562 2835 3868 4721 2240 331 7166 2129 7875 9556 4639 9233 1184 986 6503 4408 5320 9116 8192 51 4402 1241 9141 6111 4453 24 5114 8504 4959 6446 1831 1820 2769 1627 5724 4717 1792 6957 5124 5722 3592 5693 7937 8660 5816 6728 8086 5285 8892 1604 1853 613 9568
113 4551 114 1426 5609 7211 136 771 12 1181 5810 8671 2836 185 4709 6770 9169 6358 6162 2542 2292 7850 3748 4196 7338 7270 2902 4694 8946 8038 2737 6458 4297 9786 7763 6050 5225 4189 3532 2544 5519 7977 6239 3385 484 8861 5539 3410 8628 6201 4837 5895 5255 8996 4287 14 8895 8822 5119 3014 6825 2256 3675 3600 6363 5137 9225 1800 8405 9529 612 9405 6516 6013 9207 6863 1717 8456 4381 1667 1428 8390 4246 5076 366 2453 1864 8329 2356 2620 8170 6324 6285 7964 8997 3072 8198 6929 5557 3876 5391 5889 9394 3277 6594 5479 1359 801 1951 1704 5355 9553 3641 6800
103 4525 629 7333 1784 3095 860 7842 2806 683 8687 5344 4672 6569 3003 8115 1429 109 4026 9435 9268 2362 2116 8833 1399 1895 5246 9613 2664 386 1848 6855 2259 9918 2307 6075 5930 9704 1106 1123 7576 9082 9297 8255 707 7262 7894 4771 4975 5065 2458 4291 7687 4526 776 4367 5511 4262 3567 3054 29 4332 2705 7668 9138 2230 9684 642 1907 5546 1090 1962 3870 3353 7945 5532 3745 8427 7657 2135 8141 3247 8082 3971 5379 4289 3145 9026 3819 820 4128 966 1369 9463 501 6809 1207 278 9765 3446 3862 4447 2055 5188
111 1860 4726 9257 2058 132 5598 6334 2673 2192 4825 2492 8683 469 3660 4515 1031 423 9041 3889 5983 3852 5640 9939 8903 9099 8003 6019 4049 1237 7679 1558 8840 5509 9544 2888 1276 5434 8002 2732 9186 7522 7771 7946 1571 213 2284 3008 8353 6983 8648 3209 3780 2651 8588 3858 9620 4817 6981 6262 1882 8248 3527 1431 2378 4938 2172 2868 2101 8167 9388 5362 834 7293 6106 8956 8976 2227 6407 472 3900 7648 785 4208 7800 5093 6016 4881 3126 5229 7072 1561 2805 7053 5130 5249 9091 2004 7048 4695 1688 8150 9561 3690 3450 2501 1083 591 5179 3198 5180 7152
116 8053 9598 9461 4735 7801 2792 887 8212 9132 8999 7158 9518 7431 9139 9281 6916 7512 7460 8145 4450 7478 5797 5499 4697 2654 7634 1601 8836 6422 5912 6399 4215 2413 2063 4501 4390 6257 4867 5533 3226 1924 6831 6186 3426 7493 1206 5144 5583 3002 3512 5735 2757 641 1480 1196 271 2788 7463 5208 2000 95 8768 497 9492 9047 7314 5857 8858 410 8831 995 6890 2587 5165 8548 1063 9317 208 9306 564 3089 9172 8036 5507 8155 1575 4008 4748 8819 2778 1828 8334 8094 1400 1718 4039 8412 1093 7282 7822 8820 4579 1433 5673 3572 7276 90 60 6493 2930 3591 1016 818 3047 8124 4441
114 4131 6066 5352 8592 4924 3023 6663 9118 8573 8798 5601 6851 9479 5599 4539 206 4019 1905 5726 7171 7254 455 9066 8655 8014 7126 7600 9936 6749 1225 340 2916 3640 8107 1268 8551 9877 9426 4890 8162 1114 9369 2509 1434 4943 7375 8756 6132 37 7867 9705 2403 1579 2018 3681 4052 7707 7720 5160 3058 1861 7104 2547 3723 8242 4180 5576 3914 5701 324 6353 4662 7704 8344 8385 2656 2237 2365 4173 8557 4472 736 3829 2808 551 7826 8657 4736 843 7983 2114 6631 6504 1180 7454 6901 6479 6173 3425 1069 1280 6520 5795 5957 6612 2682 4438 2918 722 6833 3805 255 9677 9977
103 7329 2650 6775 91 9964 3153 2904 2632 8926 2974 7319 9218 5288 6431 8709 660 4226 6789 6379 1478 9637 1157 4253 7451 4524 6637 7184 2296 5330 3808 1104 5170 8142 5874 1670 6536 2803 777 637 1747 3712 1681 5759 7748 9096 750 693 7144 4270 9006 4105 6787 8064 8619 4483 1295 4081 2327 4693 5569 6599 6392 6830 2221 6362 4925 3368 4135 8665 7883 999 3052 8297 1883 5057 9042 1079 9708 39 77 1950 7067 4090 6939 3619 308 80 4278 881 6555 8332 7404 6174 5966 2115 2171 3056 9129 3185 4810 4056 4759 337
102 2036 8542 6406 4532 9070 1949 5933 3757 3497 1211 8180 6121 4856 3275 9338 7193 6110 821 5066 1714 8006 2909 3734 4195 5333 8010 575 1843 5908 863 9452 3346 7708 1548 2277 6735 4730 7277 3815 1381 2550 3944 7011 2286 8752 7148 1210 3262 2005 5856 4452 2206 59 6180 7332 5708 7345 8166 626 7469 2072 4712 175 6164 8286 1569 9030 6287 9182 7809 5183 1230 5703 6301 6157 1469 3205 5415 1619 5446 8856 6327 8804 5875 4304 2467 9140 3087 938 7955 7518 5336 2375 4794 1539 6580 3769 2957 2698 4168 9974 653
113 9780 1794 5469 5175 939 3885 6218 6370 7765 9500 5264 4638 8803 9546 6109 8355 5136 1440 9759 4368 8294 7079 1275 7933 4142 2429 4894 8904 4603 4382 9001 3595 7839 2249 4755 4380 1623 8795 4004 9214 5837 3628 9519 5293 1014 3071 2223 7840 8296 9162 9584 5828 5540 5315 4591 2602 3772 5831 6006 992 8098 8168 9726 9909 1113 980 3646 3491 4826 4292 6500 8860 2300 6232 8470 9562 6452 6296 43 1876 8290 8354 6606 4605 4521 7557 5561 751 5729 7294 4976 4677 6533 4012 2684 6105 8871 2057 3063 9972 1906 828 355 7139 309 3629 160 2859 9783 3081 9319 5846 1856
107 3692 8626 6385 4871 9007 5142 5910 5069 2175 2850 2011 6184 4357 9379 7076 5022 7286 8958 6081 6038 5783 5233 6447 1766 5984 8838 2725 4951 3360 7199 267 896 8698 4752 3440 3365 5543 2659 9242 8583 2002 1585 1854 2417 4956 6088 1822 4311 2736 892 7003 6675 8483 1982 6558 6898 1640 8027 4937 7917 7411 6396 4690 5240 8187 9609 6335 7547 8279 7442 5224 3402 6758 3964 7984 7989 7853 9323 720 1664 1374 9507 5274 3937 5282 2860 196 9332 4364 7514 4448 5739 4550 3981 6859 5031 6850 1239 2177 9181 6486 3308 9166 915 7018 2743 9853
107 9059 149 570 4200 363 9912 3152 7513 7539 7183 8348 2978 9548 2397 1685 1054 1326 8083 128 6165 8201 802 5712 6562 4656 8584 848 3256 5894 6216 4174 3355 6788 7109 3961 670 3176 1626 2263 6827 5034 8079 5584 5419 5648 9094 9192 6739 3254 5427 6329 5453 6646 220 6012 1783 3335 5972 1185 6961 3027 3851 8283 2733 5021 2845 2028 6593 1947 9680 3986 9318 10 5325 5688 6776 6526 5150 7990 6721 3837 6497 8912 6206 9794 2612 2872 2661 6766 8140 5969 5570 964 7274 4691 1232 236 8905 7558 7520 7237 2246 8485 4764 1244 6953 1266
107 574 1643 4746 2083 7066 5440 6751 4443 6947 1441 1462 6058 1081 1013 6316 1953 9052 447 1453 5485 4225 5345 2021 3188 7283 7747 1711 531 5801 431 9593 8878 9497 4919 3935 1403 2681 167 8254 9890 8844 1926 9221 794 7304 9856 1189 4328 728 1562 4011 4722 5862 4657 2087 9574 2583 4205 126 1445 5365 9060 9764 6997 5873 7832 7455 5268 3558 9798 4459 1978 3980 5550 3934 4054 7691 7101 5172 8264 6623 6 6159 4898 5744 3942 1767 1603 6171 5991 912 6321 5154 8948 7525 8175 4673 1124 3370 72 3678 2015 8764 4355 8300 9915 9535
121 9689 8579 2653 6403 5841 1658 6860 9857 1589 2067 6666 9450 3221 9355 2569 4260 2708 4602 8070 9911 2421 1770 2703 684 8314 9698 1402 8262 9370 5396 9432 5462 4559 4236 2702 6534 6417 1422 7813 2992 6514 9467 1814 632 7905 4686 3703 8569 7458 790 174 5085 1964 8607 9392 2167 649 5982 2663 3231 1723 3737 6017 8123 8739 4232 562 5555 5216 3246 2117 5893 8545 6118 8466 2496 2268 5672 6625 1454 3731 5634 9791 5005 7063 5853 3212 6115 9790 5704 8134 8117 3982 8636 5454 3538 7944 8095 5582 1988 7465 2076 9465 377 9533 8391 274 6938 1439 54 6773 5755 2017 9334 5024 9634 1298 9455 122 4157 9287
110 1384 842 6804 2969 1773 959 5157 7501 6925 9740 4620 8253 977 96 4731 8498 636 5481 5061 4893 5715 4600 3468 4015 573 1413 5314 6846 8272 7291 8287 1533 4818 2912 7872 7773 4410 7651 456 5596 2181 4728 446 1002 6175 4460 5770 4583 559 2535 4963 1582 1448 7095 1098 8176 7249 1320 819 2244 1944 926 444 9044 1256 5727 3217 6690 9903 700 5405 9649 6138 1436 6089 3367 1690 1018 3107 3171 7289 8440 1367 1701 8686 2889 6481 2110 1131 6841 989 1652 1107 1235 8443 1647 872 9769 7938 1365 2882 9152 7370 9604 8420 518 893 2027 9343 594
101 1247 4661 2489 4773 2963 5804 8644 8627 2688 2504 2127 524 280 6545 2367 2639 8536 8717 8136 3129 3812 3127 8696 4307 8370 9187 6277 9670 9686 2522 8488 5444 1682 9282 8495 1215 1170 596 5542 8915 739 7311 1708 3339 1202 9642 4765 4626 1830 4492 3903 4347 5871 8601 6131 5623 9112 2549 4985 9532 7952 5535 3015 7947 2039 8815 4613 5629 9993 5431 3721 4517 9971 7236 873 2484 3348 2740 9342 8637 9127 2448 780 381 123 6694 9906 6878 1092 7869 8718 7610 8971 646 4601 1699 4421 2629 579 7406 9113
109 1030 5178 5552 1927 9897 394 2225 1954 4009 3559 7935 5839 8568 5117 6583 3702 4857 5527 4847 2841 5716 9812 7007 2084 7775 1001 5705 5847 651 525 7816 4839 7026 6650 1923 8023 7998 3645 3390 949 1479 6040 7303 1044 9090 9189 6738 3842 2281 5013 1694 1281 9441 1613 7921 6629 8802 1064 2250 5028 4784 2704 3652 4494 8177 2529 9217 9736 9908 8050 7001 1959 4312 2938 698 6518 1382 7764 3855 7976 6743 380 6523 6778 2466 3313 6197 1032 2430 1086 7233 7858 6902 6483 6862 4991 6550 1594 8775 6149 490 183 9503 7330 5505 3700 5269 4241 4904
111 3701 4828 5399 2128 6181 9832 8292 3589 9770 9575 5493 7201 9551 1019 2433 8735 1790 3469 8712 7163 7135 7617 387 8057 5737 364 6492 6822 1153 495 7450 52 8746 3345 8024 5854 2269 755 3774 6556 3777 8231 2438 467 6572 4720 1191 1245 910 5888 6911 1738 1042 9884 9565 4071 4475 3897 7348 1735 8921 5732 70 4435 5327 3166 2937 1450 6658 9102 2071 6433 1637 5241 7564 3196 2801 4062 4897 1008 1955 4269 3454 4560 438 6250 9647 3945 4860 7310 4594 5978 8659 7362 9694 8781 100 5996 7351 3038 9699 9687 9932 1267 5450 954 5976 1544 599 9691 3925
109 370 955 3051 583 5840 6143 7862 5003 5149 8724 7711 8673 9573 1922 7472 2332 1719 1887 1948 3705 3476 9239 7200 5630 6421 5906 3684 5044 1654 9017 4248 1116 6426 5104 703 4747 1823 5974 5476 2817 4853 6072 8602 859 6052 7098 7646 2322 2678 4623 7188 73 7014 8524 4619 8487 6888 7322 1307 3859 5182 5855 2588 1807 4458 1636 8197 142 9160 5921 124 4769 6702 8318 4214 4630 9258 1782 7025 1826 5714 8522 6286 4377 9067 9861 7174 1343 4394 6609 691 2753 1205 6344 4010 2833 4711 9024 9305 7519 1218 7880 2493 9671 6684 8661 1693 584 6255
100 9107 6926 9425 5455 3726 5148 2649 8638 9615 5585 4363 4204 9028 7021 7542 5785 5548 4611 2200 5430 2089 4641 6965 9631 2476 2404 2712 6667 9724 3930 468 1639 517 5953 8590 5812 595 5103 44 4647 6135 6272 4245 3827 8425 4700 191 4326 1971 476 5192 9183 799 2972 5956 4242 1096 1829 2991 4013 4055 2589 6522 4927 8633 5404 4561 7962 9376 1007 61 7257 3918 2415 4972 7629 4361 8581 9931 6715 1356 9481 5111 6834 119 7344 6906 6700 9901 6670 5589 4950 6812 4563 8469 1499 6346 8267 6616 4468
104 4479 6264 1610 5193 7340 7909 3442 7266 4298 5986 4351 8507 9470 9123 2640 117 1893 6087 3756 6538 916 6560 6852 967 7508 1371 5445 6695 9474 549 3475 8964 2786 5718 9567 8041 3187 658 9520 9328 7587 8236 4469 4356 2829 6130 709 1615 1761 6409 576 811 643 2022 8143 2848 921 8769 4261 2715 439 8617 1065 7390 3866 248 3244 1088 3542 251 7931 899 4499 2996 7405 6574 4136 6395 1646 3910 2921 723 7653 9227 3026 7113 8916 9413 6215 8277 3093 4682 7410 9725 8540 7120 3319 8416 6653 7517 8017 7750 1677 6913
103 7481 1085 4948 768 7530 2231 471 5259 5041 3173 1567 8261 9453 936 1839 5334 9421 5094 7164 4257 6747 8473 647 53 6485 5291 951 5153 4256 4176 9745 2123 3818 2290 661 6968 1703 4545 6718 9669 4858 7886 9380 3974 3632 4582 6568 2427 625 9845 4588 2147 2416 973 3337 3882 4775 4979 5530 1368 9867 639 9683 7730 7396 7728 2771 9563 9288 9617 9524 2852 4075 7034 4961 9898 4689 3010 6848 8841 7299 9742 2389 702 8240 1737 3916 9802 7643 783 3270 93 499 7901 1261 8834 1223 7567 3414 5038 6685 3265 9049
105 4513 5655 6263 2578 8419 6703 9084 6817 1555 852 2207 9080 8121 6577 1976 6586 3130 8954 5443 6473 5518 8990 1360 2164 2568 8464 4440 1916 8950 6102 9324 3453 6864 9618 5219 8716 4781 143 4714 3587 5027 6970 3507 4889 7745 6746 8303 7881 4995 556 7383 8979 9888 3013 2856 7004 8743 6082 4433 16 7544 8338 4085 2686 8591 6391 9062 5243 5248 1684 6193 1849 4340 7441 2699 7781 8994 266 8977 985 7057 7187 9137 1908 315 9985 4903 7772 6315 8025 2423 8328 8108 1727 5023 4069 5660 5805 920 8623 1858 1852 2851 8808 294
109 7787 1890 8943 3729 5649 87 7133 6424 2595 2776 6319 5905 4190 8930 8228 1590 1075 1273 2491 4629 5749 740 3886 1609 427 8645 6361 4926 4815 3184 328 4442 6844 7173 1411 3334 4954 1543 3794 601 295 9807 6336 1725 982 9 8109 5097 6611 8884 8811 6022 3287 7149 9022 9034 2995 6055 5790 1644 3200 5723 8509 9168 539 9505 9522 6628 4696 659 9204 7673 9799 58 5823 2901 9352 2986 9144 957 2442 4152 2960 9591 4687 8445 9958 8890 6940 3789 4939 9442 2125 1459 5898 9491 9298 2590 4240 7157 3508 679 9267 6980 5644 6388 4482 3061 9657
109 9190 8985 8238 9681 996 1339 6273 3880 8382 6194 5959 3101 6893 2923 5850 731 2081 3436 8578 8386 9451 8974 9220 4319 5733 929 6745 835 9585 5886 7185 2461 6867 836 9331 4530 6274 1076 9313 218 4502 7963 7859 5773 6144 2949 6233 5917 6410 8093 7436 3279 6398 346 8694 3349 1327 1538 8544 6400 3310 2482 4873 1754 7242 8796 3637 9558 1517 1505 3833 2354 5822 313 2302 2100 4998 545 1166 9027 1842 5383 8582 4537 9419 1471 5845 4491 2276 5386 7644 8928 188 4643 378 3879 9399 2414 4293 4264 9662 344 6709 519 6279 932 9469 804 9951
119 9299 5435 2877 971 312 4514 7466 433 3159 134 9717 6910 5239 1277 694 6260 5992 359 8527 8305 6478 8138 2581 3638 4391 5125 3579 7575 1781 6565 9537 9851 4877 229 5296 2271 6051 102 7796 2316 3163 9201 7601 3146 7449 3211 8906 3301 3432 2694 1483 3498 833 7803 7359 6085 451 8048 4832 6450 1987 1045 9180 1238 3424 3901 4572 8556 6046 7943 9572 1050 757 4159 8919 9074 6971 8215 8847 1167 5398 9824 1734 163 239 6722 3438 7504 6266 5914 4283 9685 4066 2968 6095 6191 5564 48 6912 7119 9209 8052 3643 644 7698 6872 6155 9737 7642 7903 1082 4371 8799 6828 4265 3939 4238 919 7038
111 9274 7377 6179 8877 9051 668 4446 7751 9407 5538 7725 6806 1904 8160 7453 4883 1943 7039 8340 1022 2837 7129 5946 7884 2280 291 8474 824 2532 9031 5924 4667 6141 8570 8526 9427 4566 5275 7457 1745 9840 3792 7364 2301 7506 5347 3067 6169 3449 4548 4101 4480 1049 6899 8481 5791 8256 7261 7897 3283 7831 1695 9055 7940 8902 7759 3474 8600 1520 9787 6429 4125 4462 2383 225 672 3259 1728 4850 3271 9194 8806 4112 1089 4586 172 9341 498 6642 9630 8734 5058 7604 7318 8571 9471 8555 327 2094 6693 8708 8122 6871 8684 4741 7927 1053 8398 8278 1348 1592
104 3856 76 1630 3266 2074 8793 4154 5851 9068 5531 120 8266 7762 6920 8747 3139 1477 792 1700 5168 8585 9879 3297 2964 9987 4899 6524 3917 8013 4703 4604 8864 6355 9021 3838 5670 9842 6949 1869 4327 1165 1611 9375 9291 9079 9511 4156 9196 6982 1810 5784 4519 3199 4080 4166 3557 7611 3012 6692 8939 2068 9747 4399 9349 118 5766 2333 7041 6471 883 9057 5105 1910 6441 7918 3303 4153 5651 1224 4064 5449 1588 3668 4493 6200 6270 9654 5351 2558 3890 2159 9171 1666 1709 6418 7032 850 6061 9277 4806 3644 6103 5764 2846
111 2533 6813 5106 5492 1909 8269 3428 9528 4531 3813 9594 6742 3194 4397 5610 2488 3594 5421 2747 6123 165 1220 5999 2185 970 3041 7118 2950 5575 5523 1753 475 9015 6438 3928 8059 4804 3988 978 4797 2241 5376 4831 6756 2052 9758 9436 4756 2508 1676 5690 5297 9378 2843 3771 9624 6231 7529 3386 8758 7664 6037 2006 5171 170 6657 8801 7178 6886 6278 8208 9718 5979 4990 252 2800 1278 9960 2099 1110 5771 9083 803 254 4910 7288 5373 2599 6440 6791 3048 2830 5565 7230 2597 4386 9714 4041 7951 862 4463 5520 839 2446 6030 9303 1108 8421 329 3680 2523
107 9953 166 9663 7418 261 1606 4202 3377 7108 1566 8632 6511 3898 8832 3141 4495 5524 6070 4369 9990 4070 8541 587 7902 1896 6320 9457 3433 8090 3487 907 4942 299 5403 6590 8505 7507 568 8664 3326 9224 8424 7515 1838 2344 4892 7595 2376 5622 5603 6154 8935 4229 6151 2162 5618 1841 3828 2107 1774 2064 7486 8991 7347 3463 1966 343 5736 5215 480 1178 5417 4870 5177 8810 1340 6209 9409 2893 4640 7060 6668 8642 4557 6227 961 2490 3427 8181 5089 8792 3285 1364 9095 1430 9804 2722 2744 2729 2190 6451 5794 719 3535 3459 4988 9643
108 640 9980 741 2359 8051 4254 116 7093 4014 7050 3655 4456 8001 6188 2998 57 4529 5096 6697 760 6212 7462 7799 9262 5970 3768 5185 1620 335 4121 1687 2298 2890 8787 1404 7131 4933 5305 2576 4993 4913 9174 3229 840 7563 1563 9588 1759 7780 9673 987 8605 115 8216 5556 2828 6698 3267 2768 6338 4160 6314 7736 9721 3847 8830 7655 3905 8358 8347 7471 253 6005 9371 1246 7854 8151 8713 3506 6992 2687 9920 2451 2514 7541 1748 9489 319 2444 8862 3478 7689 9833 2780 1437 984 9476 4325 5750 4555 8777 4122 786 1787 902 8678 5571 7092
101 6796 2495 8596 345 7009 4223 1175 5135 6727 4059 5238 262 8218 338 6204 8022 1038 9640 9968 4876 2966 606 8395 5581 6494 7926 1372 879 5000 9622 6293 2449 3253 4725 3516 1438 5573 8489 1217 1337 6883 2243 9278 7581 8326 1111 5151 8400 9996 656 1510 737 9543 1785 1786 1342 408 9036 178 5108 8063 876 2820 5734 7701 3344 9578 4199 1912 321 2790 9743 5742 2958 8444 5678 4436 2519 4702 4417 3406 1618 615 6799 5578 6821 7227 6990 5529 956 1875 1540 5392 8213 7700 1336 6323 5915 3596 1837 8202
103 1345 2947 3121 8133 1628 6437 2265 6160 1661 3778 8383 1311 2001 2749 8372 8043 8969 7487 9454 3394 5467 1635 1379 6808 8273 6630 3464 7087 3718 673 4761 7779 270 6952 4342 7598 5896 9552 6237 30 7395 4138 816 1514 3754 8575 540 3943 3975 8732 9003 9437 8158 5004 3182 7893 1300 9919 8159 7705 7774 5958 4739 4481 2971 2381 6339 4392 4546 5745 41 1559 2809 5544 8327 7307 2561 3078 869 4628 2765 6220 1358 4814 7326 8114 3962 6816 6213 3923 6318 2091 1024 7719 7521 4719 7739 507 4210 7385 9616 3115 7483
109 7692 3573 202 6720 6861 4345 9744 8324 4622 667 3687 6436 8234 8021 4664 2770 4861 4833 7722 8565 2727 5506 4209 4110 7256 162 597 8952 5859 6208 2463 6656 1692 2777 5625 2585 2483 8320 6679 494 4592 9040 5353 3770 2152 4406 5166 2556 3062 2360 5395 4148 2020 6708 31 2528 4333 8446 5824 3798 5541 5009 8865 3096 6472 6602 6101 5887 2945 829 6423 4674 1493 4624 9628 1880 4734 6917 2706 7420 4997 8467 9648 3722 3032 276 4908 2878 6359 4133 2154 3699 4329 7473 1121 5400 1173 7140 5226 9989 7268 3391 8539 1570 3466 9902 2139 9907 9249
104 8363 67 3479 2086 9868 6566 3119 8922 2090 8559 2981 1624 6183 4516 1149 2887 4631 678 2096 5863 1547 6234 9521 2142 3284 5418 478 2410 7732 5401 2196 6540 5637 397 1764 7710 9115 1914 1656 7924 6807 714 7360 9032 4352 9054 2554 7484 452 7929 1918 686 7250 2273 8780 8875 246 307 4375 3273 2611 8433 5115 3333 8572 9038 4378 5558 4063 523 3732 4418 2143 9715 9619 6389 7828 7622 5513 5082 2606 7942 1751 9830 1991 4137 918 6292 1135 4221 2216 5937 4884 3470 4023 8482 1788 8654 7313 3255 9241 8848 6219 6626
