27 8551 7096 3972 3302 4896 4607 1644 7249 6794 5522 8638 1259 9303 863 5075 5477 6594 3276 2362 176 1357 2356 296 1527 8068 6798 5823
26 2822 9155 2847 9591 2524 6474 9129 2395 4942 8201 2322 5406 3167 363 2909 546 9964 8684 2112 3712 3135 1685 9894 5609 8151 7887
22 3187 8315 417 9385 9454 4718 5301 2989 6412 7284 686 7237 1887 3928 4609 364 8456 8179 6266 371 1106 9354
27 6507 7179 1468 8740 2526 2051 9096 9825 6676 150 5739 7046 1248 7257 1919 3464 9716 8688 6924 1225 9938 8430 843 5849 8070 9100 7775
29 6392 2996 8468 544 5127 2573 1025 6322 6554 6500 1542 4394 9310 9491 1620 4527 3603 6997 9628 7157 7570 9644 3964 692 2211 3406 8792 4881 7364
28 4052 7511 6341 3480 8641 5106 4147 8332 8066 989 3026 3674 4934 4438 4493 1652 7479 5923 3070 6289 3219 8712 8165 9765 5774 4540 2952 8694
34 3363 8607 5336 5209 1139 3682 3524 9139 8766 5079 6446 9084 409 9883 4726 4201 1585 3456 6941 9547 3231 842 4475 6736 6949 6870 1234 9061 9450 5009 2915 6737 6587 5486
27 9151 8590 6928 9559 3702 7777 1299 7405 8627 9737 373 693 8999 2653 5755 9426 1732 4755 8252 9813 8823 5196 9320 9423 8978 2585 3375
41 156 4661 9447 7329 5669 8438 4455 5829 8439 9258 908 6826 5506 5253 8874 6329 5474 7472 3743 9979 1880 916 6182 9959 7831 7053 1606 9469 716 3408 5607 2579 4907 8555 4984 6308 677 501 1991 2957 5666
31 3581 159 4390 2218 3443 8263 1895 1897 4306 5322 3825 1630 4696 7989 133 6006 99 8028 9596 4453 7964 1356 6122 9682 5088 2978 8750 9748 5002 2587 2107
27 4759 6168 2337 4348 1081 1545 1694 3506 8562 8824 510 8908 8764 4787 1591 3485 6645 8136 8451 8188 5101 4961 5586 1464 282 3188 3748
30 8544 9284 6425 5206 8118 8872 3671 1276 6049 1009 2744 6419 878 4019 8437 3127 986 7509 7919 8489 5214 4819 4610 9551 121 749 6008 5736 6564 5561
22 4032 798 2276 1892 7844 8942 492 2245 7273 2684 847 6346 921 9374 8243 8174 566 6305 3962 3279 6142 1627
30 660 6348 8992 5312 2274 5502 8253 258 2685 2967 8341 8223 4756 8534 2663 2173 8367 4861 7826 6023 28 6834 4816 5515 8749 573 3345 6524 4707 9700
33 7584 9328 1035 8971 5740 7219 8693 4817 4903 7299 5887 670 8206 38 1908 2897 8604 5817 5761 178 639 7615 7758 9169 5385 490 4653 5047 9319 6108 3469 1946 6246
28 4960 7545 4259 736 4442 1210 9165 1203 7944 9943 2027 4003 5028 2373 5442 4919 5015 5220 6146 9539 823 7228 5677 2976 4532 2544 5953 5921
31 6935 5461 3455 1264 4495 5435 4116 2499 4444 3784 8511 9812 6145 5913 4425 2761 8796 7184 2821 4570 6232 1400 7403 8809 4121 5657 5359 6490 8744 5877 8465
31 2234 8394 4754 6493 2430 8714 3267 4703 5138 209 2489 9267 1317 2243 5413 1158 9502 2923 3795 7673 7881 2899 759 7582 5338 4971 2282 8058 9934 5375 8194
30 8858 8404 9288 5520 3989 7950 2825 2416 3303 2342 9196 6432 3043 3046 7023 2639 3916 4725 7170 707 7461 9620 4959 7094 7810 172 3030 8132 6843 5211
31 8057 2297 5756 5881 3696 2608 1222 8264 9853 3675 8617 4383 6378 225 1223 7035 7558 7626 1346 1625 5605 3217 3787 9313 5824 783 4999 4681 3729 2393 969
30 4935 5801 6671 7569 3855 7742 4195 8577 9808 4396 1837 1166 7560 5219 6484 1838 1063 6545 4737 645 3593 9486 5380 4510 2257 8018 9030 2291 561 6906
35 5030 9136 552 2263 9804 7084 8910 7607 7891 901 6230 7580 4375 1244 8115 3974 6749 3941 7167 4139 6350 8200 4470 1584 3754 7732 774 7535 4536 485 344 5231 5897 6480 4361
18 7674 8085 2496 7235 6640 3278 6102 6113 2126 2071 7875 3252 4269 4528 7736 6467 5558 9558
38 9106 2672 7175 5846 1924 2482 8829 9033 571 7679 2439 6437 9583 3429 5045 4431 3146 5818 8691 855 2657 1963 8475 5409 4814 6526 2696 4508 9574 1455 9972 8112 8247 1115 3197 2444 9015 9837
35 3123 5326 5049 446 4480 7985 1241 589 3091 2644 7896 2161 9548 3670 1870 8886 9996 4538 9103 7425 2402 246 6896 3597 2240 6723 8633 5599 2638 2626 7463 2776 8891 7805 1651
24 9351 4338 1067 5153 1197 5724 2096 7597 7450 6914 7824 7429 2859 3449 1645 2128 2127 5858 6071 3725 4342 1731 7089 6173
19 3153 9038 8654 8492 8481 69 4966 6563 4165 7022 7239 6128 7489 8828 5649 1718 6324 5536 6865
32 2265 1417 7790 6292 343 8913 2762 6409 2917 615 9029 2495 7300 3251 8762 4230 9757 4129 5541 3594 599 3751 2861 1432 4283 1900 8032 581 4947 3083 1791 4539
36 9890 8121 5973 6664 6936 1560 8530 5020 9678 3847 9803 9892 1821 9289 9035 2122 123 6386 7740 2560 1598 5205 9709 3737 5853 1649 5871 3673 2160 2072 2063 4337 6932 2902 5029 7796
39 1359 665 7969 3954 1855 605 6262 393 1238 3651 8645 1028 5700 3313 2522 3393 1401 9024 5695 4434 2695 762 5212 7635 8056 3337 4854 867 8173 1827 7480 3426 9886 9713 3355 5780 5970 9544 973
36 152 7794 4433 5865 7384 2201 7952 7327 6036 266 6708 2068 5647 2052 8967 9007 55 6129 2973 6375 3096 66 407 211 6045 1058 8098 2172 8359 1061 7683 8845 891 3956 655 7688
20 4852 810 429 5201 9272 1888 5862 2175 2919 9921 1183 8690 6077 8567 1474 1316 2828 6029 3468 6537
12 4243 2116 7056 5306 2165 5135 3512 6254 7505 4297 4775 2528
39 395 9031 4766 7351 3150 338 9549 2531 107 4589 4521 4263 1676 3379 9087 2325 1618 4547 9280 1847 2326 3129 8972 2231 7353 1336 4389 3539 1748 6333 5745 4102 6370 6517 4468 7457 8236 2829 4188
29 8078 8698 4474 7251 3903 7668 3949 4298 6902 141 5189 1435 2120 1405 5847 7150 914 8882 3897 1173 3790 8735 5364 8802 9025 1543 2779 9152 9643
32 2758 4166 9441 4481 5675 8841 5612 9816 4587 3731 4015 2541 530 9126 1423 1643 4564 8769 954 4045 4011 4851 2251 7124 5026 9605 9623 7857 5275 5787 5513 7260
21 5371 2636 6578 6992 5229 4795 7598 4745 4880 5090 9173 7355 7443 1280 6915 9208 4820 2008 6404 9841 3082
30 2223 5557 8166 5472 1275 4151 5181 1016 1969 2710 8111 8572 9880 9415 565 3850 972 6651 8144 1034 8938 912 6792 4711 5626 9373 1162 7902 372 1508
27 1764 2202 229 2036 5901 7981 8274 9870 6276 6233 3794 4657 8755 6025 8426 2534 5606 3753 6739 5563 7193 4000 4409 10 287 6650 9418
36 8097 2607 4794 3471 3598 9052 2281 3320 9690 2547 7935 3839 3879 6272 3132 3477 4477 938 418 2407 6039 705 4439 7797 7548 7391 9305 9496 8388 1443 7128 4705 2328 2848 4585 1990
35 2851 7222 7031 8565 1051 7543 8594 7538 8602 7352 300 292 1459 412 6345 3942 7859 30 2125 3605 6204 2485 325 3056 3621 8457 5979 2486 885 9849 2796 8810 4268 7066 6441
24 281 6463 659 304 6985 4388 2055 1493 9228 8686 2413 5072 3525 4670 9234 8738 8045 6022 4973 2572 3161 5050 2879 3642
29 4801 7606 1196 8969 9241 2359 2838 5975 6472 5059 6893 1023 529 3926 603 2419 5899 4261 2164 1043 3052 4075 2284 4039 3800 7106 5678 1551 1298
28 9822 3236 5130 6234 6177 6211 5525 2511 5749 1867 3982 2998 189 8255 4199 1413 3890 6712 6417 9920 7366 7749 9715 6455 9036 4793 8619 9343
32 9601 5529 653 4355 971 3741 4273 5512 9851 3176 4241 2590 6552 6878 9098 7676 2133 9779 342 3365 1463 3497 9402 7452 9433 2109 3936 3274 2345 9438 9697 5674
40 1434 6770 1330 1590 6275 2966 9590 1229 5670 5159 1427 4652 4062 4130 1460 8821 5259 9736 9800 9935 6851 6714 8310 285 9726 7373 9711 8059 3691 3613 3257 8985 9953 3239 6660 2501 8501 1607 7996 2507
32 9888 5613 8227 7929 9494 745 674 4025 3678 620 1852 6033 3035 8976 3174 1126 8621 8362 4146 2070 5123 1230 2676 2605 8557 897 6560 1583 9912 8959 2985 7568
25 2378 816 979 5228 3281 1420 8318 4168 9233 1294 8761 7587 1536 193 3319 9944 5929 725 6158 4912 8742 1375 7788 2850 3504
39 3183 4049 8730 3693 8080 3519 4717 4219 8063 629 8046 5224 9955 4950 5439 5434 1303 9278 2944 3003 3461 669 9197 9011 5688 4305 8671 2449 315 5992 1328 8088 2926 1279 12 9916 8290 2561 4978
30 2135 678 6966 8957 7464 4736 3105 9090 8815 2124 6882 7701 7739 1171 2872 9564 3376 6964 97 7940 5743 8428 1506 9004 2250 2721 3583 9293 7270 8314
27 1660 6980 3259 5574 2166 6580 704 3205 8620 9393 6252 911 7340 3622 9389 7702 7265 7027 4894 8030 9210 7512 3084 9170 8241 2213 85
36 8346 994 5653 487 6889 1053 4009 4867 7406 4673 5763 7190 8677 1754 5441 5691 3759 5839 7953 7044 4676 6530 2216 9070 5060 4604 7954 6592 7465 8576 8606 9865 6184 120 4956 4331
19 3155 8653 8666 9694 2893 1866 4113 6009 7961 4879 4770 9226 6067 765 1989 8736 6960 9109 3399
32 2849 7613 2803 6093 1205 1700 5400 2746 7974 5693 8320 8968 2021 6550 7651 8668 3194 9051 3241 2549 5827 8667 3359 2113 4426 3045 6356 4479 990 6271 1503 6090
32 7937 3827 5608 6857 7878 3520 4117 1839 1555 1360 9482 2857 5874 6291 3054 8560 1664 2287 2631 9683 6494 8138 3012 8064 9298 5710 8127 5120 37 1361 9422 7820
34 4805 7894 9079 3177 8954 1093 8569 3882 8783 9153 313 2867 6648 6585 5890 9158 8509 1249 9830 1341 905 2344 4686 1159 1949 8229 2421 898 5719 6260 3450 2329 9444 7021
14 5956 5627 6963 9487 7433 3414 9132 3154 8192 4352 9767 7174 4635 7264
21 5964 2382 5024 895 8490 1439 2432 222 8116 6789 7241 3282 3843 1922 9950 1337 517 3308 6821 4963 6088
36 3216 4107 8835 6200 1186 2048 6027 7412 9745 5223 8914 1810 5843 5659 7727 6590 2355 8352 7104 8807 5067 2692 8336 1623 6247 2750 2180 9245 1869 4008 5527 9710 6901 5432 3957 2611
36 7324 626 9336 7611 2228 6407 9772 5360 1547 2637 6978 3770 5822 7304 3336 8089 9664 6085 6352 48 6837 5485 6617 9717 9266 2726 5663 1843 4729 6694 2545 8811 2537 7837 1928 4821
27 2414 3492 8366 6888 1909 3836 2154 5580 5784 5802 5998 1044 9923 4471 8276 7218 2174 8113 1970 3738 959 1663 7594 8146 8987 2123 6413
39 5266 9561 4057 227 4318 2396 9754 6123 9242 1487 9238 4356 1149 5146 6795 5119 8391 2943 4591 7830 3360 3543 6137 831 4312 6968 2484 8321 1903 2460 454 6984 6458 6536 7717 3157 2094 3760 3810
37 3511 6152 6416 5387 3612 3 5436 6766 1055 1414 9439 3558 7316 9425 3683 3229 1899 3147 9287 4633 6147 9668 6653 4946 4865 9706 3773 9532 9137 7420 5363 8326 6909 8770 6303 2467 7555
35 2150 929 9498 9366 5077 4279 3518 6410 6005 7721 4076 43 1797 4792 1189 715 7400 3563 8536 1097 729 5104 4072 9400 6078 4522 3571 5393 7083 2871 6297 7169 6358 5161 6730
30 9049 601 5967 4751 3322 675 174 3018 5976 5694 907 4090 1308 4277 361 1391 5331 100 2473 9401 7657 712 7967 2751 6325 6533 6755 4354 9607 2084
32 477 3953 5658 9915 1674 883 1012 5748 8680 9270 6666 7503 1395 3834 5579 7321 5720 2348 318 3301 1616 8396 1710 1075 2641 8308 1538 3909 3663 3589 6269 6576
34 4611 1938 2890 4503 4217 9073 4476 3733 9437 4575 4888 8358 3986 1168 6674 1885 1453 3672 112 4555 7292 744 7225 9195 1755 3223 1153 9569 2398 1937 5918 6947 8180 3517
10 3233 2583 5324 2557 5812 486 6503 5021 9431 4678
28 3353 2091 476 3772 5938 4937 5534 7575 9937 232 6007 8679 2728 3724 2132 4997 4002 2945 1780 2026 5927 6685 7098 2081 284 8353 8514 1773
40 8424 1113 6258 7699 7416 3292 5714 703 2591 4550 6559 4229 4929 4684 6574 54 2887 9249 1262 805 5132 5006 234 1511 2727 302 8537 7624 8161 7821 458 8357 8408 6281 4993 9112 4412 2911 3422 8636
32 2921 1430 7572 9961 2745 4048 1485 3887 1692 3742 2760 8189 3686 7288 2056 6399 3983 5378 8996 2327 3602 9534 6695 631 7959 218 8695 2510 1820 2041 1739 1993
29 6509 4710 721 91 3556 6212 6274 4004 8700 2802 3494 7983 5347 2606 8278 2632 9177 1052 2949 5924 2224 8041 1684 5893 3509 1501 8928 7978 5193
34 7313 9887 9384 2013 2701 7286 899 9585 9133 9848 5496 2061 6138 2040 3685 7025 4813 3889 2077 6518 398 1338 244 7095 4211 6642 1982 2905 4042 2862 2088 1071 764 6014
21 3709 2766 3058 6582 5352 7589 6044 6483 3495 649 2229 6853 3089 9026 7920 423 1281 6709 3057 5365 6017
28 1809 4926 3845 2279 2258 6244 7768 5176 7468 4864 323 833 2062 5027 3211 4839 618 8847 3569 8856 3564 6196 708 8559 4762 9573 5410 6051
36 5777 8669 286 8386 8592 6475 6092 817 2331 2289 4577 9973 886 4153 8907 5395 2316 710 8007 1494 226 1702 8674 9614 3900 4022 4968 6774 9637 6797 4061 7923 127 7729 870 5988
35 6096 9340 4671 1704 220 4387 4724 8262 3481 8988 1986 3315 6954 2984 1905 8787 5652 9119 9140 1632 4191 6734 8525 7780 7786 5143 8719 4155 5665 9524 20 4895 1105 212 6479
32 2139 6227 4392 8399 7244 7707 4123 4304 6710 3541 5010 8460 2179 2843 6824 2030 7706 1272 7630 5174 6938 7495 2210 1481 2865 6911 5408 1209 5549 3403 5473 7527
30 1959 7760 3209 7752 9622 2853 3465 3185 5983 8813 782 4157 7102 611 4033 3820 5651 3142 7226 4920 1318 2991 5402 3859 641 9080 1891 3305 8268 5240
38 5588 9742 1893 8678 5917 2715 4200 9719 9147 975 8251 194 7661 8877 4504 1709 1172 2842 6829 559 3437 8860 6306 884 4876 6641 7454 7659 7754 7119 7411 6013 2706 1022 5712 8774 8879 722
27 6845 3704 3681 5511 5115 3866 8471 6242 4069 7441 4315 9660 1242 8655 6185 7925 7387 310 2818 9845 3998 181 6667 3226 6722 8768 5208
25 9696 8183 3533 5945 4252 5875 2679 2207 4500 2654 525 569 5404 6510 259 7663 4743 6772 5565 5643 8921 3727 3868 5681 8385
35 1377 7918 4238 9251 8049 4622 9907 2375 6389 7927 2233 358 3515 2397 6948 2014 2082 1170 9232 2475 3047 4103 5672 7208 672 944 9265 8998 4209 7376 3687 2478 9001 4962 9163
30 6284 3623 9773 5368 2642 7110 7675 2142 9531 3212 8309 4833 1889 7282 4612 3705 4602 2970 5268 131 1240 4868 3244 508 3600 346 4872 8539 7655 6491
32 8595 4397 5503 7173 7060 1398 1165 8006 4231 8904 6847 3813 2028 4374 39 8455 9739 2354 2645 9295 4085 2700 772 3768 7137 2934 7055 3424 4746 2938 6654 9510
17 5298 2664 8266 6331 5793 199 2153 334 2852 6679 5381 5091 1790 6222 4512 7178 6164
28 9236 1675 5226 7383 3851 2468 2782 7915 7305 3191 4869 3849 6471 7557 6448 5978 7159 7803 9611 7634 6468 6070 5715 2942 8918 8298 5930 9895
20 6280 606 6359 9675 3158 7374 5597 5533 1003 7623 8135 3081 8533 1428 4698 5372 3202 6038 277 9307
13 6042 5898 7191 1505 4784 3925 3507 6194 9649 217 396 8024 233
29 1831 6655 850 9702 8936 7992 1283 4730 5863 3854 9461 8005 4264 7062 5417 8185 9185 947 8982 8029 588 1565 2997 279 4208 3032 4484 5217 9770
18 1826 7958 5689 6993 9672 1662 278 3576 8425 2690 4987 2515 6019 7182 5358 5789 6898 3143
26 6423 6021 2795 3711 3086 6860 1096 4857 7771 4136 92 2724 6508 2032 982 2315 2111 1351 9509 6366 6972 1486 5280 8583 2804 7215
36 9111 1143 1712 7042 9933 8324 5446 8463 1725 4289 1693 1290 7345 2935 2076 5411 7682 2704 6904 4815 2792 3718 3550 6525 5452 7501 5709 4326 5560 3661 5725 1975 390 8374 5635 8009
33 6197 2381 5492 1140 2459 676 7603 3757 6859 5157 6919 1549 1132 7784 9363 5509 8031 1469 5199 3222 8419 4405 104 3115 9348 6053 9034 251 9113 9615 6332 3038 582
34 4466 846 5771 3367 6464 6551 1340 3182 7328 7188 5766 9311 9279 3514 713 4549 5040 985 4812 7832 9125 1569 8361 786 3526 7204 3022 6239 2340 4255 6573 3024 6217 2565
28 3171 4773 6657 8924 3090 7541 794 8687 1519 8505 7554 832 7948 9595 4207 9999 2447 7189 2319 5463 1116 4554 8763 113 6169 2904 7764 7540
22 6781 6557 8447 8903 4677 5126 1996 5856 360 84 3434 4658 2977 9844 7112 3063 3352 6251 5882 9535 7789 9600
26 8099 1751 5116 238 7719 5433 1368 3803 8812 9308 4542 3364 5488 3284 6665 7973 1968 2939 6100 367 1877 2248 509 6068 7194 3436
27 4904 8561 1364 5545 2399 5128 7381 5619 6750 6872 7473 564 2017 6908 861 4226 4902 4955 3895 9471 7410 2621 5518 7524 3758 7903 3870
33 5835 3902 7642 9957 5826 8584 7259 8257 2136 1127 7709 4782 4028 5249 4430 5716 6692 6540 5546 5076 9560 7550 3296 3053 9691 7770 882 587 1270 1211 1268 4712 9604
31 9475 1472 2517 8406 6729 7014 7335 9286 1267 4018 4314 8293 1904 2950 6385 5238 9815 7672 7333 4513 7685 8570 6259 8923 661 4369 7107 3207 4890 2781 8114
20 6635 3898 2912 7149 4137 2687 1064 3340 5687 9067 8214 7884 7077 4829 7493 6321 4335 2462 3596 2423
15 2711 5346 9283 7700 335 6336 1291 8785 6047 5735 6784 47 2306 7934 9255
36 8220 3198 6720 9980 3755 4858 9315 9936 3904 3780 7680 4158 5121 9500 5869 3778 6991 52 180 7040 5572 9005 8662 8021 469 6801 1086 1874 3111 44 8731 2789 7926 5915 8265 9478
26 835 558 7751 9986 4193 7336 9689 8335 9769 9 6414 8990 5730 4838 4244 5252 5495 483 1180 1090 5788 3601 6762 8585 6240 8964
29 9581 493 2874 4777 6995 6767 8381 550 1104 4047 5124 1920 5894 909 8883 3271 2372 8303 5697 1284 4709 2363 2553 5466 9613 8916 8771 6969 2406
34 3190 3145 7449 422 1562 9909 8506 3777 925 8008 4873 7370 9655 6388 1352 4128 3401 2741 4727 9513 4310 2488 7003 6054 9801 3017 6880 7092 2376 3098 4590 9971 824 1596
35 8141 256 4458 170 5263 2815 1631 2024 3703 3225 541 9240 4640 2960 6268 6263 9526 9247 8106 8015 9256 2739 2225 4080 2564 4557 8287 1669 640 2422 6181 5092 4897 5991 1766
32 9168 3856 4951 4808 2 9966 1465 1715 171 6304 7800 8235 8260 1557 7628 4911 6314 6381 4491 7669 3980 5243 876 2437 9022 1786 1981 860 3148 8640 4923 7341
26 3181 182 6151 5942 16 4386 6912 5478 33 6369 8553 4190 2788 3487 4040 5304 2982 5539 1858 4704 2702 7283 2117 7583 5582 7899
33 3534 8586 6961 7442 3557 9322 3049 3243 1671 7815 9839 4290 6811 1829 9334 8630 3963 388 9525 3325 9432 7504 1008 5762 8485 7734 978 4688 6159 1295 3008 6680 1154
29 3249 482 8128 687 3501 4535 2293 5999 1588 7408 3917 0 6874 8541 2538 1218 1226 7082 1973 1844 1332 7293 9225 9364 3996 2360 3459 9576 8887
34 175 1599 8870 2916 3264 8540 3405 3275 7637 6634 9898 383 5861 5012 4163 3228 2020 2833 6063 2903 5972 5752 2714 5295 7963 864 6373 1534 4810 6316 4680 7861 6663 2497
36 8407 8472 8927 8513 216 3644 9451 4900 2320 1256 7039 6773 6368 3584 4713 1553 8109 7310 5505 1918 1848 2029 4372 179 5362 4203 767 3087 5792 8323 1454 8100 3668 1697 362 5638
23 9738 7605 8718 5390 4092 1321 3317 8137 8329 6462 1828 2309 3789 4626 2461 9472 5319 7197 2294 4518 6094 3080 4347
27 3579 350 2304 7650 593 6535 3908 8224 7776 7377 8616 4295 8775 8842 1853 9729 2979 2108 4509 3193 4404 6825 8344 7658 8986 2670 1648
25 4523 9814 6001 4568 915 2933 9039 7976 8701 1730 6740 1020 168 8213 3548 1392 6119 3007 5920 4863 151 4849 2503 6209 6804
23 3815 2713 4632 1066 1100 3373 4716 8937 6731 3427 980 2624 6015 9056 9448 6418 6743 5646 7795 2737 7801 2556 9982
21 654 9360 7030 9131 5112 3610 740 9665 1151 8911 1777 5369 4110 4691 2078 1000 6238 2520 4058 2456 8799
25 288 4415 627 4175 8791 7960 1836 5510 9178 5023 3863 8159 1507 2540 7556 2206 1033 7314 8208 488 5888 4620 5317 9873 1911
14 6600 61 5102 8322 4432 7670 1349 3788 3097 1987 3206 574 9860 4275
28 4398 4494 6154 7120 7744 5910 2555 9761 5990 163 572 4160 3028 1358 264 7307 3641 4010 8973 2898 3561 7389 9514 9572 399 6745 1327 7722
20 9282 3346 4642 190 1759 3453 2033 1929 9421 3400 1376 148 6004 5321 7303 1811 4593 340 3106 7460
18 5634 8546 9248 1499 9967 8726 2656 2929 9162 3945 5061 6401 1703 6293 8522 1705 3289 2681
14 577 4581 612 273 3684 3250 1050 834 326 4778 6103 9188 6942 5269
31 7735 839 7695 2512 961 9095 4248 4053 3722 236 3500 5100 7007 1261 4578 3175 2869 6403 1578 6527 2272 9946 8580 4253 9680 2612 1997 1995 9667 9099 7162
37 2823 6982 7011 9797 3746 9273 4697 1138 9407 679 9172 1253 848 9889 5904 1526 6672 5834 5438 2576 4723 5786 9214 3013 1213 8107 9144 967 1478 6066 5873 5342 9633 6360 2059 7654 531
30 6754 1835 9076 1961 8798 2450 6979 8605 2463 1409 8610 6930 5487 5884 5640 9345 9901 5641 201 3294 7252 8902 2405 8043 9788 5950 7261 3931 9829 4037
17 7995 68 3618 1756 5598 2873 4183 6099 2908 8646 8389 5969 789 4272 5592 2790 6511
28 1579 3562 9115 3881 319 2334 4454 7142 6572 8591 6024 3199 9060 3463 254 4321 3432 8676 142 1110 7972 2104 7705 3993 9505 9866 518 3952
27 8709 596 4046 1080 3036 3238 2722 1849 6918 2675 4943 7018 2581 8975 8804 2022 348 122 9639 9086 5225 7647 7050 1288 1672 8443 1778
24 1204 3628 4757 3385 2940 5668 3442 6681 9329 7359 6971 8004 51 59 4258 9323 6758 3824 6569 5173 5559 4592 3580 8805
37 1141 9594 9202 5914 3005 7161 5151 6753 5163 7931 4559 5397 8067 8191 9187 9490 4603 8915 3446 1451 4414 5741 247 8233 2259 3466 165 7 4563 1202 1586 6273 3752 3101 7850 4419 3116
14 813 7061 420 5277 3546 9588 4645 3371 7168 742 8729 1570 349 7063
18 3496 528 26 667 2797 2181 5131 4806 9926 9331 821 3838 1834 4615 5685 6435 7153 7502
28 3440 4322 352 9913 8850 747 2042 3811 3050 3716 8681 3203 8689 3110 8035 9160 2817 7692 758 5642 6649 355 1823 9148 617 9358 1345 3006
32 2417 7337 4660 5377 9606 8261 7407 8047 3846 5852 5451 4180 9367 1145 214 3886 4051 303 7476 4618 2023 7814 8163 2655 8852 9977 6769 7280 3421 7362 8898 1445
11 4753 1425 9102 988 2669 3224 8685 79 624 9403 1199
36 719 4804 6330 4236 8434 9506 2469 3396 9515 5066 73 7660 4446 1082 4898 4544 9703 9365 339 3220 5767 5655 2596 3732 4285 7530 1018 7987 735 6499 1378 9927 2400 4791 9882 7272
16 389 7901 7873 8956 3011 9207 7491 3888 1416 7196 5187 8414 2773 5054 1533 2719
21 3039 9925 7047 1896 9695 2358 3242 1004 3955 6892 7099 958 8242 8401 7932 2087 1624 3976 8830 6442 202
42 9670 7914 3265 8504 6245 8851 3126 2168 7621 5022 8609 5742 5053 4885 5133 8258 4460 4732 4914 609 5848 8149 6670 8732 5479 5056 4738 7285 5034 1026 8069 29 2162 4362 2694 2427 6688 516 1615 6371 6830 4871
27 4891 1348 9075 7979 9785 6351 1260 5542 9753 5084 9733 2595 1668 8889 5701 9179 3923 5943 2187 6396 3253 9016 1757 7113 4427 9782 9154
32 2198 1060 910 3260 1772 7715 1639 4828 5396 1354 2947 1074 2044 6719 3065 4918 3152 6438 8497 8480 1941 4086 7070 4225 728 8521 2336 5734 9869 7424 2134 2980
36 4574 3765 5564 9685 9956 779 4655 2801 6519 1160 3489 4341 6567 2646 6069 2725 6999 2539 865 3368 6945 2683 3786 1054 9794 8155 6307 6270 8301 5264 3133 6661 6040 787 1212 8618
30 1577 8545 7574 9460 7922 3172 6790 9949 1971 413 8284 5289 4132 8446 4161 1452 3747 95 8960 6940 4924 2665 4663 6031 317 4651 4265 6631 7453 6806
32 1813 8152 9756 4870 1976 2640 8751 5726 7185 4722 9762 4194 9885 3553 5737 1886 3004 7975 6555 8656 2035 2575 9789 5445 7523 235 6136 6495 5926 769 3444 3634
40 9180 4830 2954 1192 3044 3763 434 3412 9537 9121 3040 22 8458 8493 4497 301 3416 1314 6228 917 5758 8529 5239 5573 4162 7943 6682 1394 7446 206 3676 5316 3995 9686 2962 8803 4026 8487 8784 5320
31 7320 5354 3235 4543 3460 276 5247 9735 8494 4472 743 219 8466 9281 9110 5450 305 9712 3213 3740 4534 9928 9641 5103 9171 4029 7998 455 5845 9838 7456
18 9191 5645 4949 1247 2005 2876 6030 9397 4636 5145 9318 889 2311 4682 8953 9786 2267 3595
41 2182 6319 7448 9391 5348 3669 3625 1167 9781 8316 5293 3166 4856 1309 4565 1695 3819 1483 376 2882 8283 1383 5958 8843 440 8259 976 9897 3342 4939 5902 3823 6548 2597 8818 3369 6828 6447 9968 9330 9768
34 90 3295 6677 1217 2138 8865 1865 311 7111 6277 2230 6225 9704 1142 9823 4525 6724 478 3714 4429 9271 6831 5544 1687 8905 8739 9277 5459 5344 5471 451 9650 8631 6202
32 6699 4311 4976 9027 81 7349 6747 5570 9499 5951 7108 3131 2390 213 3692 7013 4378 9734 2568 299 5098 7563 6020 4013 351 8510 9020 4367 5110 6881 8216 2661
29 167 7467 739 8123 5055 203 353 76 3435 5854 1458 2151 4488 6539 6953 9262 2839 8271 8379 46 7874 6165 8427 5589 2095 9542 2189 7371 5738
20 1752 5041 4944 3914 5968 1907 3195 5401 8476 1233 3286 2178 401 5684 9722 543 9063 4502 5007 8670
32 7318 1691 1746 9732 1863 706 4887 5683 6395 1932 6210 8337 1144 7549 8814 9902 1706 4109 4656 297 6946 4299 9530 19 1510 3874 6089 2588 5391 2170 1079 7492
27 2734 5552 5587 1306 3912 3774 3402 2808 778 4835 1176 3730 3896 9570 379 8340 8101 8126 7619 4741 2559 5813 9041 3451 5948 1665 9799
36 1134 2452 1191 3833 8170 502 3867 3992 6876 9495 7536 4519 4428 709 2404 8864 6873 7725 8370 7999 7428 8300 4649 3915 2816 9684 1274 7567 4267 2884 8955 2514 4600 368 2431 6135
24 1753 6897 548 6623 2570 8193 2236 8176 1804 939 9857 9068 3204 17 2988 9083 4972 4932 8382 520 4848 8706 4905 2659
33 6599 4529 2049 6868 5744 5351 9350 2562 1883 5905 6951 8094 3377 1667 8578 8759 2708 4149 6850 8702 9567 1265 5931 1901 154 4245 3864 2987 4783 9991 2349 8167 4576
28 1179 2086 8432 1410 7147 1095 4514 690 6817 74 8894 8413 8288 9626 6863 2490 1335 6605 4308 9603 7490 442 6201 3710 7214 2814 6810 9204
16 4967 5299 3343 9066 8837 4781 6514 6144 7895 2883 5702 1682 730 7090 8317 2518
40 2870 5062 8502 3119 6265 4239 2353 7180 8421 5796 2918 5596 3934 5278 6097 3637 1622 5420 8892 9216 8989 3695 6611 8498 4843 4043 6343 8198 347 2958 1355 3726 9508 6534 3940 3311 4998 7921 4965 5273
18 4071 9692 2332 8445 6696 4373 3662 3971 2543 9905 7342 105 2718 9563 4561 2620 3159 7947
21 8273 8277 5210 7870 7028 6192 9455 7088 8597 1571 2292 7813 7848 8563 1884 6219 6700 4936 806 4097 411
26 5959 1573 8568 1745 9627 785 2569 1412 8239 7227 6470 4044 1610 9634 8573 7645 3290 4410 6176 4368 1992 1078 9176 7306 3474 6279
27 3016 962 3877 1424 2418 9224 8532 1657 991 9575 8659 4992 1091 2204 2369 7853 1819 4027 904 7585 6 9082 7791 8376 7900 8270 5392
35 9321 724 7781 5595 6959 8875 2755 1890 5860 8526 630 1258 6344 1431 6171 9793 4515 9250 777 1498 7146 984 2278 514 8 7686 2476 5155 2434 9805 5633 4380 6626 7315 7417
15 9988 3991 8134 8919 8365 9975 6782 2927 2731 6704 427 3120 1323 4256 8753
27 4764 436 3987 3164 6822 7513 1433 5168 4292 2763 7068 8931 9776 1366 4023 6571 8452 4154 1041 8951 3578 4270 1634 8596 5621 4771 7414
35 5262 3929 8431 6003 9817 5258 1239 4082 3537 941 5218 1174 4545 902 1032 5974 2811 4371 9359 6698 6492 461 8119 4860 591 8825 1157 6290 8302 6431 6717 6783 1015 3857 9802
29 1048 94 766 1842 2836 3735 1758 949 2298 2242 2738 6236 8974 3273 741 4906 7012 3389 1927 1673 5422 1741 9867 7145 8079 2529 1297 2953 3386
35 4141 7115 1818 5553 3950 3331 9625 9149 5704 1269 8215 3407 1214 3321 522 4120 9344 6629 3073 4496 8461 5003 6195 3445 4606 8091 6116 8648 3112 7396 8484 5844 9161 4235 8629
32 8450 7418 295 952 4933 1913 2429 2770 3103 5639 8486 7419 9720 2651 7267 8801 403 7620 4424 830 1231 9333 1529 880 441 4416 2498 8660 8195 4548 7839 711
27 6428 9791 450 7552 7020 8628 8808 9780 8552 7990 1962 9118 1914 4637 1403 5692 1563 5288 9028 7254 6109 8632 5232 8554 2119 4708 7134
27 862 5941 89 1442 5052 3858 7592 5074 560 1094 6175 3102 4800 9553 2227 6058 8947 5194 6568 4041 9377 6478 1580 8081 7319 1522 1099
25 4634 4803 4385 1679 1680 8153 9332 1046 5727 7172 1876 8226 5614 1581 6678 5636 5099 3969 3617 6887 4884 5747 2516 7772 7326
16 1415 8934 191 8613 7144 1740 2920 3001 5016 7154 8637 3717 2448 3840 3218 3227
28 7148 3659 4824 2860 2914 5868 4567 147 956 117 3095 2546 7033 3616 6111 5484 7141 6127 1940 1334 7224 3483 9523 7970 3173 2371 3872 2296
30 7849 1365 1816 5171 7845 3118 6618 4089 927 252 9442 532 8943 545 6323 5037 5825 2521 8230 1379 2366 160 312 5017 4407 8846 8061 9398 3826 7641
33 9543 2698 3361 8027 2305 3306 5244 1923 970 308 2238 3821 4562 3069 2658 2364 2425 9671 7762 9088 2361 4234 146 3521 6241 1005 4366 634 6818 448 5374 3901 7936
30 9858 5939 4186 919 9831 7375 513 6361 2194 7105 7955 5222 2097 1726 2185 6644 7750 414 5841 7067 7255 9638 8411 6702 547 5526 4643 4345 5227 647
32 681 1779 5310 432 5423 4104 2840 173 380 5382 2647 1742 9370 6208 7924 7212 7155 9587 3728 9085 3666 5630 3397 2102 506 4979 4608 7164 5285 1540 696 4747
20 701 8453 4246 9200 1983 3324 2769 291 4334 8862 9862 6107 118 9399 6771 7977 1550 1136 2157 6422
39 4760 9246 9826 7871 6402 8053 1515 6746 5166 4313 3151 8423 2961 7390 8794 8296 9072 3488 8038 922 2845 2508 1736 5013 4035 4763 549 3357 2347 3990 8838 7602 1728 4666 3796 24 1678 3913 2451
32 8849 5535 6931 656 9854 135 7847 5192 2986 7076 2877 1952 9010 9008 4761 998 3067 9040 8034 2270 3822 2650 6934 9206 9306 50 5981 814 2105 2067 5257 75
27 7006 2335 7529 108 1614 3620 6278 6485 1373 7526 3439 2310 2477 576 257 2011 7949 9464 1103 5750 8306 4411 4995 4619 8037 5551 7907
33 3256 474 6597 5136 1491 1014 4957 3744 5797 4302 9055 4350 1707 87 5661 7459 9792 3180 3261 9896 6957 9000 1902 5437 8965 6317 9924 7604 8981 2999 1916 8240 2217
36 5604 5965 8052 9621 3332 9467 1898 6615 3715 7745 9260 7816 7195 359 5830 6646 4098 4417 4598 1517 1382 5594 7217 1286 2598 3029 433 8102 1912 8160 7440 3237 2523 9452 6598 4659
28 6215 8642 4520 8369 8857 140 5611 5600 9824 2800 6502 5622 2110 5957 535 3761 1476 2471 7687 8556 9342 1181 3959 9586 5591 825 4364 5517
32 1566 6616 4566 4465 7693 1532 995 3431 1589 5497 5093 153 3344 903 6079 1013 8023 5617 2045 2192 5891 5283 9775 7263 9631 6593 4196 2275 4735 3467 4714 496
31 8267 4878 2330 8003 1124 5896 2053 6990 4395 2613 7755 83 5963 6026 7233 6439 3599 5631 3880 3248 1582 9269 136 1072 1782 752 5538 5729 8548 8715 9784
34 691 6925 8234 3122 3667 6866 6744 8036 9327 2009 7614 9952 3310 2019 5664 6457 3646 2220 9877 5662 3814 7129 9174 4056 7632 495 7945 4024 6501 3713 8747 8994 7741 6625
31 6056 2146 4922 5583 5908 130 1059 4126 8575 1302 8441 1477 4095 2513 7863 4892 115 700 733 3535 1763 1513 6477 7301 9198 8779 1947 6637 7817 6157 7234
22 5832 3452 4994 702 968 3291 7980 2106 6752 106 5840 2428 6450 5443 6282 86 1006 3395 4220 9143 7008 537
33 4115 5147 4796 1437 4765 7421 874 9130 5058 9184 4134 7163 9436 8603 5429 2629 6191 933 1436 8248 4601 6962 7434 3200 4463 8940 3510 3015 2712 5928 3381 2386 2338
25 4066 5889 8017 4909 6374 2085 5949 8368 8958 3871 6738 6562 6328 2689 7766 6849 6140 8380 1814 3861 1266 2749 8416 5361 6091
29 1965 3240 3104 1271 5195 8890 1608 4005 4831 1118 8944 6856 249 4986 5330 512 8614 4893 8269 8444 4441 2742 410 7862 6101 2824 4850 7246 3232
19 8995 8184 2550 698 5345 9632 5566 375 5307 1300 4597 2774 6218 5367 2856 3848 7517 2925 3570
33 327 2000 3149 2195 9974 8072 4530 5188 6643 3486 8741 2525 7455 4262 1092 9127 2948 6456 5428 8639 1188 8675 245 96 1931 8716 8788 9353 9476 3734 7697 4111 849
19 4065 9688 7395 6250 4323 8737 9107 2680 1792 8330 5279 1988 4667 2092 1237 1404 3779 8582 2288
18 8044 7720 9019 8950 4629 9777 9302 1243 1440 2409 4185 1723 9369 9879 5765 4695 7885 4875
18 1942 5532 9747 5462 9884 6283 5416 5318 6221 7840 8518 6636 3542 6141 8941 4339 2007 6627
30 1587 3258 6482 7230 6237 4739 1760 1198 5170 1326 2955 1683 161 9089 9501 1146 5718 3552 7143 6529 6095 8467 1953 3627 632 8777 9134 8682 8062 7471
35 7633 3128 563 9408 5940 1795 289 8483 2558 7037 8623 4101 5811 781 6114 9381 4365 8087 6466 3327 8495 9730 2208 5754 6118 8806 5449 4176 196 3041 8893 3664 1027 2016 5707
29 6198 5325 3665 7648 5855 443 1612 5879 3362 5440 2946 9309 1771 6072 7126 7200 3567 263 1789 2886 646 9597 5776 2778 7551 9579 7631 6842 9969
23 8946 7132 7539 3051 8503 8625 1926 9382 837 9874 682 3935 9114 5932 5234 1978 3214 1958 9947 4913 3719 4418 4915
16 5919 8745 3410 3323 456 1998 5315 261 1011 3263 9566 8212 3739 1129 7854 819
29 9141 5160 9740 8286 8566 3462 4400 6869 6630 1872 9976 8859 1163 4240 4059 1654 5272 1155 267 9503 7048 197 8343 4271 5870 7553 8092 8307 5453
35 3766 6956 1339 8400 1860 2140 9612 9790 9489 4948 7201 7379 36 9994 7703 7812 5035 4728 2080 4167 7378 7248 613 2333 3538 4324 8789 4908 3208 4381 9863 4274 3404 1001 2678
34 586 9215 7297 9850 7402 5134 2535 4250 7176 4093 3573 9395 793 1370 871 7743 6357 9917 6460 5198 6060 539 6433 9616 2888 4125 6884 608 272 9493 5172 963 5204 6588
30 2717 2993 3025 7494 9568 9304 3762 462 7667 7203 385 80 9990 9554 7629 3545 231 1461 4094 5186 9017 6775 9846 913 1065 6923 6852 5795 6153 977
29 3423 5467 9257 2649 3907 215 8347 322 6429 9217 9299 3137 9617 4700 6621 1781 444 8304 8997 8869 7034 9449 9108 828 1576 6920 1943 1967 3808
31 1999 6000 2992 8727 8328 3430 9658 384 6449 3356 5108 7809 643 6398 9252 1713 3409 3869 2047 5357 5335 3140 7085 1362 1372 1633 9065 5985 5711 2907 8816
21 6727 6112 7338 8793 2303 8289 4382 2114 533 3853 7836 5806 2299 3378 6900 3626 3994 2896 8535 192 6575
34 750 6062 2169 2479 1448 221 8933 3544 4370 734 6800 7122 5480 5000 3134 799 1879 3609 6846 2130 9419 2379 5773 7510 4016 5676 9275 6903 2374 8084 7713 7738 5216 9914
14 3491 8579 275 6512 7231 6967 6691 9142 579 2377 6489 2046 5507 3876
7 1717 1125 5334 6890 5386 2530 7348
27 3911 4169 9522 3951 906 9752 35 5096 9821 7247 7005 6757 1719 5519 3418 8757 755 5980 5778 8767 562 1077 8863 7827 8387 6647 519
24 3425 6543 3333 1822 7528 7753 8855 345 1406 1774 7221 354 1471 5139 8705 748 9193 1479 1812 6921 7726 6161 8402 9556
33 4067 2963 4249 294 1133 8756 8790 996 3604 3100 2937 4055 6711 7484 3797 8294 9218 4825 387 3269 1482 585 6134 7778 5248 9981 5043 5468 6583 7354 3493 7804 7533
30 1285 4091 8204 9708 792 6105 771 2794 356 2280 4774 7928 9372 6486 3806 5152 210 1070 9430 7779 5531 1324 1617 2190 7445 6899 480 788 3472 6787
33 8598 445 3781 2756 8820 8663 2018 9565 6205 5376 6163 8917 868 1524 5332 5782 4862 2837 8082 1656 438 9578 3624 6840 1112 5764 3930 2819 205 3522 1484 1315 9577
38 6603 1512 726 1805 2693 9378 6073 7430 489 2868 6286 484 7869 5523 6690 8760 872 4212 1933 58 4776 9325 2798 8217 6326 7578 5444 776 5141 4462 7073 8782 4384 467 2807 6498 6061 3048
24 9446 7986 8162 1871 8477 2799 5311 7000 6814 6591 4213 3000 3793 8748 3699 5286 1108 2990 3196 4517 3652 5698 2215 4300
31 2563 8440 1807 8356 7516 6748 5082 2221 8920 7202 7671 1980 8652 5412 5291 5137 9411 8720 3419 3615 1201 1514 5184 3559 9878 7616 6867 9774 5489 966 3767
38 1408 2830 405 8710 7358 5349 8375 320 1784 435 9457 8042 8912 6715 3330 1747 4215 6544 7058 9355 9292 4750 8773 9624 761 3475 3809 9834 8881 2454 1594 3547 2571 103 3349 4832 3285 6065
29 5705 5671 2673 2435 425 4223 584 1319 6581 3246 143 5962 2290 5154 4143 9511 9512 6803 9357 7913 9379 9945 6981 1716 651 6532 2385 7422 2155
12 987 4822 7275 7525 9750 6115 8390 3287 5464 3438 7997 4977
25 3592 1187 3775 1768 8237 4393 9504 8831 468 893 8499 6318 1117 4654 500 6528 3566 5494 6081 5339 5872 4336 8574 9918 5723
21 3179 540 1024 5148 6167 4809 8517 111 7135 1516 7767 7531 5281 5200 4583 4012 2115 1287 4841 4699 4690
17 6808 688 5008 8624 2930 3933 8275 2443 8393 6248 2214 5805 8895 3816 7965 2810 4644
31 9189 8327 9751 8765 6393 720 6523 392 4665 3055 5770 2066 6010 1744 6741 4351 6998 2226 2972 5399 2754 6827 3221 8010 7666 1347 7544 4840 4827 2634 7690
34 6975 3832 5944 9037 4996 479 5251 5 8417 6310 6206 9414 6996 557 9609 4280 2757 6180 1156 9701 8403 5267 8397 9519 7250 5922 1447 8527 4798 1393 2959 2895 341 7652
26 3060 9194 811 5213 3266 134 3984 7431 7909 1640 8984 8800 260 5623 9048 8202 942 1374 6086 2269 1119 41 9164 7852 7841 7049
23 6261 1833 4170 5113 7253 4034 879 1042 9835 1861 223 600 4288 2010 623 6376 6777 3428 4198 4558 4242 9064 511
35 2038 7487 7015 6046 8949 8699 9520 3411 2677 7361 1917 7240 5769 8147 1564 3817 5540 6075 2341 1906 5989 8429 268 6469 6558 4333 129 3307 1646 4319 5158 4360 7508 1367 1635
26 9058 1178 1521 4282 8488 7392 200 7835 6354 4316 5162 1169 6877 536 7879 9875 8822 7211 5995 7360 2065 7856 7029 9731 2809 4184
31 4182 7855 9243 5475 8297 8778 8083 5460 3587 5878 2001 619 4579 1402 6367 858 7118 6083 9518 5602 8048 1388 3591 9948 4721 3588 3328 7966 2594 8470 9741
31 7883 280 7481 2965 684 4309 184 3647 1609 7330 8231 2577 7712 5379 9931 1567 9893 7365 4070 8156 3973 8692 6383 797 6342 5785 6799 6673 9388 4254 3531
19 6950 8299 8207 5934 928 2244 7369 3905 9314 9254 8861 7846 1502 6958 9985 9819 836 5562 419
33 13 1595 5476 3476 7798 2253 6444 5654 62 8285 1802 2415 6606 3280 8878 2370 3635 6187 4317 2060 9050 370 6199 162 1208 3165 2566 6751 6832 2481 1399 7165 4329
36 934 5524 1925 6347 498 7117 2247 1098 6515 9562 636 2004 3502 7588 4448 6426 7171 3458 999 9427 4054 4847 5498 3852 4359 9516 4982 9541 9101 4038 4287 616 7478 321 7123 5065
27 1788 8205 2554 9492 9891 3582 663 7485 1236 2232 9338 2892 9274 3608 2050 3631 2148 2314 114 18 2177 737 2866 6052 9904 6542 9346
25 3922 2156 8834 6522 4145 5297 5820 1353 5095 1840 5628 5554 1850 7160 4216 3750 7905 1500 3163 7125 5398 2268 9580 8819 7187
23 5233 551 4214 9128 1597 2212 7087 6299 1322 9339 4958 9375 6862 3020 4179 3771 1642 5265 7542 3607 7843 845 2630
23 5696 8418 2295 590 1342 8649 4889 8025 4679 9771 4945 1457 2193 5087 8600 2196 5814 8853 9301 7968 2031 6561 7774
17 7694 6363 5109 4834 8711 2622 8442 5759 6764 1089 8922 5341 6619 3946 7152 2487 1289
27 8983 5966 7458 3268 9484 7773 4627 8093 8292 4017 5900 6364 7209 5309 6434 7596 6174 2171 6349 7444 8014 9903 7074 2812 4459 503 9481
18 5798 7216 5886 4769 3350 6188 7522 4882 8611 9618 1056 8650 6907 3649 5491 4516 7718 592
26 7653 6891 1040 1689 5424 7213 1085 6082 5427 664 9483 5590 7437 5816 5799 3690 6987 6034 8181 9291 2261 2627 4197 1801 1851 5644
35 3516 9440 2785 9951 1520 1250 158 8991 1593 3528 8001 5105 3532 9919 1708 3392 2610 9906 4599 6684 2615 2411 8331 9294 9396 7547 945 7269 4537 699 8542 7521 5032 5042 447
29 4077 5837 457 5794 9592 5333 2147 6016 2064 3388 6037 5601 8538 7308 4074 2617 7882 7069 4623 5242 8587 1845 3245 1381 3141 6408 3074 4866 5044
21 4467 5241 49 3380 6481 6452 1854 6994 3585 2759 5804 7681 6170 64 6110 1878 856 8110 1263 9463 4014
33 6190 2012 1964 1737 4573 1787 2346 3619 9533 431 9818 4178 4687 7586 5577 7888 6302 8333 2910 9911 5094 2932 139 8508 298 3447 2285 5936 5548 578 3918 5836 8909
24 7426 4662 1734 1021 2205 5632 3844 82 4156 9721 1636 6166 6226 3639 6120 1619 9807 7646 3977 6139 983 6496 3059 3107
36 1808 1030 314 1670 3919 7890 1558 3680 555 6427 5547 4281 1182 4456 2121 6601 7043 7298 6156 8926 9297 6315 1910 9337 9965 827 8071 8075 8647 4150 4584 8708 2703 1350 8479 697
33 5465 3782 7724 2747 515 8754 3348 5457 3192 4079 8122 9368 7939 2184 2900 6701 4748 3441 5114 6841 2219 101 2662 5111 5722 2159 2317 1966 4505 9032 6390 1235 694
31 2209 7566 8543 5156 6756 404 4391 4358 243 7045 2924 4284 8826 3807 3828 3108 3978 2951 8867 324 3088 1605 9479 3498 5728 2885 1798 8305 8105 1184 9138
22 466 5274 7483 1304 1419 3606 6786 2593 4164 9465 1480 935 3658 8342 8962 732 8520 2264 4437 5618 8945 3554
39 3875 6791 3247 6879 6155 6504 6125 1282 1344 8673 177 4457 465 5314 3484 8665 3629 4343 3061 5732 5775 3961 9276 3805 7808 2307 3473 3433 6035 5625 2222 6080 2729 7052 859 7518 7002 1875 7908
26 4078 8130 2767 504 1677 3300 6295 9044 9231 7415 2509 4443 2412 683 1761 5994 6624 1122 4492 756 9156 4731 155 7004 224 1921
33 4119 3968 2090 416 7394 1862 3064 9175 8074 7177 1681 4969 2574 9186 204 3398 9842 2100 6763 3415 8142 7114 7199 1450 1246 8496 7825 7892 4702 796 8743 7608 2582
38 6440 4473 1824 5984 6778 9042 7279 7488 9356 9477 8022 4083 597 5068 5578 4988 3490 527 2465 1418 6362 5648 386 3884 8626 1087 7507 2787 1475 5025 4624 8836 1815 6002 1881 1655 2668 2436
34 187 3611 9104 3383 3099 7323 7116 5783 473 9571 3299 6944 5821 2552 5514 9910 1825 9677 4617 8338 8550 2200 8313 2420 8839 7398 3999 7627 1699 5190 5624 8672 3354 63
27 526 5585 408 2391 2771 1411 685 4931 594 2891 4266 5828 428 673 5800 5191 9666 7515 494 8196 6476 7262 7956 7571 329 3230 1637
36 4768 2163 9662 9868 5721 3339 8120 6150 2343 8108 784 4031 3262 5584 4720 5018 2720 394 7388 3568 8175 7737 583 5469 6662 7818 2619 5039 5337 9759 8979 9347 2441 7294 1690 1864
33 9413 1466 8948 328 2855 7636 2384 6973 3391 8697 1257 8178 3335 7880 7317 2039 8588 5781 1329 2262 8345 1029 844 920 6400 5179 9608 3910 1470 652 6041 3529 7368
20 9714 8364 8177 3575 4560 1123 1293 1767 5838 648 680 9763 9707 9673 6565 2697 5493 4706 5004 470
17 1574 4260 1038 2442 2426 4689 6937 7057 2002 6733 2199 3586 6339 5864 3985 9349 8395
21 746 9960 7245 553 336 7232 5313 2057 8012 9546 6309 7748 5757 4363 4127 5803 1972 8713 1057 8187 4625
28 6669 3076 3551 9584 34 9150 9462 9300 1147 3010 3700 1856 4276 8355 8190 6106 5287 5733 9341 4445 3572 9069 4571 731 1446 637 2786 7577
12 9392 2858 6910 6697 7466 644 2705 4402 8384 5038 8016 2149
23 1711 804 9213 5952 3298 8558 4985 3723 7385 2889 955 2492 524 9473 9199 7017 7339 8104 2618 4683 2532 4767 7911
29 8143 2252 3139 8651 8746 1310 472 1292 1320 1650 4749 125 866 1830 803 1073 4133 7506 1343 9062 2074 7139 149 9582 5569 8776 5960 4526 4964
24 5388 9219 1776 7723 7158 5682 662 2266 9954 5071 3574 650 7079 6087 4899 6131 7140 6465 9201 6838 2567 2716 6235 8351
35 7678 5955 534 2152 2777 9352 9669 3764 2401 7086 7065 9939 7916 1120 7876 6586 3721 6612 5230 8095 9264 56 6050 8054 723 4449 3374 5686 8515 7677 8272 2273 1559 6656 5255
34 9053 671 7186 6796 6819 3201 6815 8249 2176 8013 4941 1002 5791 6213 8020 9122 9630 5447 8158 7181 801 3031 4886 8405 1019 9335 7618 7730 9705 4346 1255 1150 3334 3818
15 7576 9445 7704 6922 768 5706 6854 6300 6296 9698 5256 4552 6633 7399 3071
41 9435 7229 2864 9635 9787 7982 5207 4715 2841 2101 4307 6686 9324 3785 4647 1647 5169 7785 3094 3390 6253 6716 5947 2006 5746 9659 3293 4842 5458 1296 9843 6855 7933 186 1277 4450 2505 9828 9003 4586 6405
37 9014 7382 9538 4060 8415 1407 8833 2352 8970 964 4692 6538 3130 2183 6989 9983 2780 9833 9135 1936 57 6895 9387 8758 2118 8608 1164 3749 3338 9013 1331 6355 2392 2079 754 6713 5885
34 2368 8644 9727 4507 9459 4 1600 6421 9406 1525 7993 9220 5350 9908 9092 1935 239 7962 1552 6220 9810 6905 5150 9749 6193 4206 5414 2764 3309 1628 6541 826 5779 9212
36 207 3720 7946 3630 5031 460 2752 4084 5051 5167 4621 9182 1219 1039 3078 8245 6224 3454 9458 568 1068 9507 4232 255 8900 9922 9316 8817 9656 1251 5250 4036 808 7100 1010 9192
26 7277 7397 3312 9235 4452 9619 2846 7664 7243 7696 965 7075 6453 2753 9209 7889 4595 763 3792 1775 4744 9610 8929 5629 7281 5107
27 2600 8372 1539 4989 554 5537 5895 2141 873 5144 4553 3114 3997 9380 8349 3802 7401 8325 997 7838 71 6728 8371 8197 4461 7474 5470
34 8039 9589 7475 4917 1554 1750 499 2983 6553 8182 1301 4489 5036 1045 7941 8661 7242 3034 7893 1114 449 183 4719 2831 6805 2383 4531 9285 5215 6028 9383 6955 6546 3708
40 2652 3632 9417 40 6620 5456 8615 4983 8500 8454 3420 8848 1602 5403 8055 3277 2389 5118 6735 2500 6836 8148 7763 6726 2043 1611 2246 9676 1733 1384 1979 459 2302 1714 77 6929 7223 2099 2956 6614
22 78 5097 6497 3316 2736 5448 4694 5323 5850 2674 6312 6675 3144 5501 7423 9962 9679 7156 491 119 2936 124
33 7256 7343 9470 9699 8885 6983 9268 7436 6658 402 250 70 521 4344 228 7238 274 5982 1613 1195 1950 8866 7133 9746 6372 1722 4569 9657 8203 4138 6149 3555 6207
33 3831 7380 3318 5125 800 6162 3304 4204 5064 1915 2699 2878 1544 4218 32 7363 5356 5731 7912 7829 7210 7064 9783 9521 4928 4675 7600 932 7807 5809 7951 5859 2994
18 1386 2765 6214 6765 4436 421 4408 5499 3272 5296 943 7765 6659 2667 2054 7731 3633 3021
27 666 4050 7482 5772 689 2826 3121 9434 9796 7757 6223 1088 471 9929 1803 4464 9105 2455 9146 6335 7289 6916 439 5667 4940 283 8696
29 602 5673 6687 2069 4802 1429 8549 5083 9651 8482 1721 7344 2464 5373 5880 9046 3125 1720 7350 5616 3178 6243 5576 8157 4613 5575 4664 7322 98
39 2805 1817 4447 1556 6864 4006 7151 3536 4639 7910 7393 5302 8840 4641 7268 5175 4021 6143 9453 3657 9852 1047 1495 9405 2271 6839 4846 3965 6126 5085 7714 9557 1449 7746 2308 8060 3645 3530 1793
24 2922 8246 188 4099 2239 1575 8410 3079 888 4247 4483 5407 9420 6018 1102 4925 382 6742 7514 5001 5389 5986 9847 4131
30 3873 3860 1062 5555 3643 7698 2037 6445 7625 2394 9229 185 3156 5355 332 4818 1137 2015 8168 9409 887 5340 8199 1252 1273 8772 1227 1601 6264 4087
23 9371 1492 5528 780 5086 6411 4174 2457 7610 6048 5790 7081 9653 3329 3776 5977 2827 5294 3014 4580 556 9018 2783
37 6424 8090 6488 3878 5197 7026 2186 5883 6779 5637 9648 5760 2235 7290 3944 8254 9290 9598 775 5810 8420 7684 875 6043 7716 5892 5753 6420 6579 7019 4631 1305 9023 3653 4353 6952 8392
36 6812 8724 4349 4807 2971 7109 5117 4788 5925 7866 4672 4938 974 5603 7802 5550 8734 9466 2686 8925 8436 4779 9326 9077 3184 8643 3549 8312 1945 9468 3947 3478 6076 6327 953 4594
37 9861 8896 8523 6461 128 598 2145 7579 1380 9963 7842 8050 9798 8040 2083 2928 67 7072 406 580 1530 9876 9021 4648 307 5078 6549 3189 8280 137 7287 9074 7477 6506 2881 936 9404
38 7662 1130 6610 271 4152 610 9864 2410 9006 400 3791 1548 9993 5405 116 8722 2682 5048 8601 4855 1535 6628 9647 8186 4451 1084 8704 7904 770 6848 316 5571 7644 892 1509 8077 8225 6055
38 7609 1846 2241 6970 9263 4181 1076 3479 2748 2433 8154 3654 6084 5384 4140 7906 1444 4952 4379 4332 1496 14 1161 8491 2602 6788 6894 5165 757 9205 1857 4490 621 453 9723 4422 5851 7917
27 4616 4501 6785 8026 4327 6382 9123 9428 7957 5610 3033 7988 8876 8238 790 9545 9222 430 9261 5202 505 2321 4572 9429 2628 5284 2894
37 3448 9211 8383 7367 2633 8884 2609 7347 2536 8581 1603 1193 9093 7409 452 6183 9057 7877 8435 7792 4421 9312 635 3927 4118 5415 72 9237 2458 7819 7469 6858 4733 5615 8880 946 6301
27 5482 2191 27 5149 144 6117 9416 6718 7728 6816 9223 6057 1194 4799 4413 1307 3835 753 9116 237 5993 1190 4826 7595 6415 852 2494
32 8172 3210 7439 1036 8464 4227 7865 3019 7054 7278 9059 4630 6287 2255 8844 5073 8140 169 4328 4106 2806 1216 4786 7325 1696 9840 9859 6377 3138 2075 6639 1177
38 8103 9872 5383 3503 1390 6520 2519 9540 9599 3513 9725 3037 8728 2286 5906 822 198 628 3801 270 4845 4693 3891 6443 8868 3077 8473 5656 293 3577 809 1254 717 5937 9474 4674 9995 5690
32 2586 4469 7639 4122 3640 8906 931 6379 4486 4377 4251 3341 5183 8593 6531 9412 1206 4100 6809 877 2666 6288 4498 7573 714 2691 4291 5593 2357 6513 8360 6835
36 3883 5370 1312 8717 1049 5713 1604 2129 4921 9728 1960 8752 1661 2981 604 981 9047 9674 6387 3162 4187 4991 6285 5807 2438 8635 9602 1841 5996 1518 5907 575 5543 2380 2493 5033
21 2648 4068 2472 1175 6556 53 8634 7462 9760 1799 6098 1832 7622 8319 5419 8622 3706 7711 3988 3540 2623
42 1109 7205 8952 1152 2144 9097 4221 8478 5556 8076 841 2832 9203 5070 7131 8222 3314 331 4511 8963 2551 6338 2283 7206 8133 507 3885 5708 3394 658 4007 3270 5305 948 4020 9517 9778 1385 8011 3970 6133 6216
36 4980 1531 7581 2003 4910 309 15 5353 9485 7561 5911 230 5508 9970 9529 8448 7312 1467 4148 8139 1224 9528 923 7093 3255 8795 5421 668 8209 2784 25 6011 8409 3979 6320 8932
35 3387 957 523 9743 8797 6032 9190 2137 1794 9078 7404 1701 6337 1873 2424 5971 7438 4836 481 1743 2580 2073 6886 366 3002 9661 3351 2533 4228 8164 5650 6397 1313 9410 900
26 42 9157 2813 3921 9836 6160 6256 4064 7009 1934 5080 7499 6249 7783 9009 7971 1200 3358 7101 2732 2491 5261 5276 2143 1653 6596
37 570 625 3482 8073 5815 3417 9629 8462 3804 760 2158 7032 4582 5282 1796 3812 7276 3920 4883 2387 6861 7733 4596 3372 5164 4233 7198 3523 2089 5019 2964 2093 7858 2834 4257 5481 7649
32 102 9764 7984 9940 8733 3283 795 4096 4874 2318 3254 21 7071 2913 8145 3124 924 7532 4740 3085 8171 6394 9386 1984 890 7498 857 5946 1396 31 4237 2103
39 9488 3937 8781 8547 7867 7769 3186 132 164 9795 1541 6547 8469 9317 1749 881 1389 1128 3893 3382 337 7271 7564 3499 6353 7103 4399 5431 4159 8930 3966 4859 5140 1017 9221 9766 4811 869 4901
31 7782 3384 6683 3656 2604 8966 4278 8564 365 5303 7356 1882 1121 1083 2835 4435 7059 5290 5063 2743 9002 4112 6802 4780 9480 829 1561 2880 9094 7593 4605
31 8786 9646 7296 4953 5935 1207 2735 4401 1069 6178 7001 7346 9091 3370 633 7834 6124 5246 424 4837 3924 9259 4210 3688 7601 1800 9900 3457 1369 2968 1868
22 45 6313 3326 3830 2542 7291 7036 6820 4440 6813 807 7640 7599 1528 7266 9550 9881 894 638 65 6189 9827
29 5046 773 5245 7309 1148 896 2350 1421 357 4340 7898 381 2660 8291 3638 9693 4330 8612 1438 4772 8888 8169 3841 7868 6833 6203 1727 6974 9941
25 1572 9166 3027 4533 9855 567 109 7860 5270 1221 6334 3960 840 9758 1101 5866 5328 5221 2197 4877 1939 166 2969 126 7534
40 8980 377 3679 5751 2506 1220 8250 2058 7691 9183 110 5366 6609 4844 2548 3975 2408 8512 7612 4420 838 475 8221 6768 9998 1955 7041 7051 727 5933 8474 9167 7220 9124 2844 8218 937 1638 1954 9527
38 5876 3117 6638 9443 8657 9899 1985 2775 8281 5916 6652 6793 8528 7038 4638 7091 7334 2188 1371 3798 2589 5122 8124 2527 3939 2445 3113 8524 8664 8354 1658 6917 195 88 7617 8658 3829 7559
28 3636 7828 7708 7496 6231 930 7872 8256 4325 4785 2931 6707 8350 4376 6780 8334 8279 8871 1783 2256 6977 7823 8571 6604 7302 242 4296 2480
25 4974 2351 3560 9636 3009 208 6566 9593 2643 8899 4930 2671 2237 9424 8295 3799 5081 5620 5089 464 4646 8935 4981 7435 7207
16 1641 3288 9117 8977 9930 8780 8129 7546 7994 812 6939 542 5011 1311 4222 7886
31 8339 3899 791 9989 1735 4758 7078 8211 8131 6705 6927 6693 6721 157 9681 8051 8599 8210 2974 7372 4073 1859 9536 9181 5660 3943 8117 3092 950 2901 2388
25 4189 1387 8125 7183 5237 1325 4144 6844 5912 4205 4742 1426 3967 2688 7497 7311 7562 1930 9253 8002 8516 4224 951 3769 4171
14 6430 6340 3075 6668 9820 1278 60 1007 7413 1629 3697 3366 4135 6148
38 5254 7851 9718 1956 3694 8282 2578 7519 2768 5867 9394 3170 3215 9376 1688 9012 2502 3136 1621 8901 2324 2034 1537 5567 595 248 7447 9239 6132 6608 3023 7897 4108 3527 7192 3906 145 1397
28 9159 9054 23 9942 6294 1037 7864 6516 1659 6267 4478 9362 6186 5425 5768 1489 918 1504 6380 4970 8519 4541 2592 7710 6064 3614 3938 2504
36 2995 2793 5069 9227 5129 6459 5308 2339 738 2403 8723 8150 391 3892 5292 9081 5504 8348 4177 815 2466 6104 7127 463 853 9663 7274 4173 614 7799 3948 1765 7166 6988 3958 1185
9 820 330 7689 5521 6761 7386 940 8228 8096
22 6229 3169 9361 5997 3347 3783 4975 4487 6436 8993 7097 5530 1228 6976 1948 4423 497 3168 1473 2249 7747 6632
38 7138 3756 7787 2365 6871 1422 1441 1131 8897 4524 2470 8398 5235 4124 2474 9497 1135 6706 369 6607 2312 6725 2625 4357 6589 4668 5203 9744 9652 695 8363 8219 415 5430 7470 8412 6732 8311
10 1215 3981 2730 8378 9390 802 1762 8244 7537 9932
35 8725 7822 8961 4701 2599 9806 5005 397 6622 6703 1770 8873 6584 7024 3508 4293 5699 8939 1894 6451 1456 7500 1 4752 1729 2277 269 1232 2025 5819 6577 4954 6776 8683 7010
12 138 5516 3707 4403 5300 1546 7332 426 378 7938 9724 4916
35 6570 993 854 4650 5483 7295 1462 6255 4030 3745 437 5568 5329 7432 6298 5808 5581 751 2300 6521 2740 6965 4202 6505 4301 3736 7565 3862 7665 1497 1974 6883 3062 4063 2254
17 5014 6257 9992 9755 9984 5680 4286 5909 9552 5842 4482 818 240 3072 8589 9296 2367
14 1769 5394 7591 6487 8827 992 622 6926 1031 2483 9978 1626 7806 5987
21 2584 7793 4088 5185 3932 9120 5182 4192 2167 2301 1977 4406 241 3093 1107 3655 4105 2709 7930 2616 2791
31 5703 4303 4797 5903 7638 3698 9811 2906 3297 4734 926 3234 5490 7761 4990 3894 6365 4614 6807 3068 538 2131 8459 607 262 6059 9244 9687 9645 1738 7756
34 3590 2614 9640 4001 1994 1592 1245 5177 8000 2601 3865 3565 2260 642 9809 4669 8373 3837 3109 6689 6759 2941 6875 9230 5271 5961 8065 5180 4790 4927 9071 5717 6179 960
31 5500 2323 4628 7016 5857 9456 93 2313 6473 290 7942 7811 9871 1698 4081 6406 7258 4551 7656 3677 5236 1523 7357 8449 7486 374 3842 9642 6074 5418 6172
16 1724 8832 8507 9043 2453 4499 8086 2733 3689 1957 2203 253 9045 6823 265 9958
23 7427 1568 3505 3701 3470 3650 7236 2975 1806 8703 4142 6913 6391 11 6602 7520 4320 7121 6311 9987 4556 4685 1363
20 5057 9654 4823 4546 5426 8707 6760 2723 4853 657 7451 2875 4485 8433 1686 6943 1333 6012 5178 4789
28 6595 7331 9856 851 1944 8377 2707 3648 5142 718 5327 6454 8721 1490 4294 5833 7130 8422 1488 6384 3413 8531 6986 3066 1951 7991 9555 6121
