3 284 258 176
4 92 53 83 9
6 180 18 188 64 90 100
2 27 265
3 121 109 153
4 246 200 102 145
2 95 126
2 170 181
5 212 299 157 253 141
2 101 46
3 113 119 211
3 260 131 130
1 266
3 273 114 35
5 0 225 129 73 280
3 54 10 231
3 249 204 149
4 213 3 201 66
2 116 288
4 99 230 5 173
2 159 233
2 207 20
3 137 236 12
4 184 202 268 272
1 242
3 294 217 297
2 174 279
2 243 264
2 140 262
4 19 295 45 270
2 15 49
1 196
2 177 51
2 85 1
3 171 160 97
3 32 124 115
3 259 235 278
3 103 24 59
2 239 178
6 161 38 166 269 118 215
2 58 205
1 112
5 108 134 29 89 30
2 105 289
1 67
3 60 190 257
2 133 151
3 290 125 250
2 80 165
4 62 28 298 84
4 75 267 23 208
2 61 240
2 168 120
2 285 104
2 7 55
2 261 106
3 14 25 175
3 214 48 255
2 167 98
3 144 271 192
4 275 96 163 194
3 216 287 169
3 34 191 143
1 206
3 224 111 69
4 74 232 254 152
4 218 263 91 292
4 210 40 26 155
1 228
3 8 237 274
2 148 31
2 127 16
5 227 56 244 42 52
5 13 57 241 93 186
3 209 138 247
3 72 286 71
4 185 22 248 132
2 4 78
5 203 150 277 147 238
4 220 128 122 154
3 164 82 94
3 68 197 293
5 41 245 76 139 251
2 70 189
3 276 283 135
3 193 187 223
3 136 282 252
2 110 182
1 256
1 123
3 107 81 17
5 87 79 11 199 77
3 281 195 2
5 296 63 146 291 183
4 39 86 6 229
3 156 117 37
5 88 226 172 222 43
3 198 50 47
2 21 142
4 162 44 158 219
