9 6831 9020 3546 1170 43 3087 7358 522 1114
15 268 8783 3148 2838 9851 3092 8868 9100 2394 397 550 9029 8010 9664 4325
16 8758 8348 7595 9027 4638 3851 9229 613 2018 2727 8056 4510 9024 3500 4042 1961
6 9251 7997 3899 8139 8078 5020
13 1888 6805 2515 6548 537 6117 9807 7200 1085 9301 9878 590 3737
20 9325 567 6849 6851 6200 2382 7628 8367 7068 9299 9023 1914 5763 3412 5707 1216 828 2818 6507 2606
16 789 8803 7686 3194 5576 1455 8401 280 7231 6312 8270 6827 7767 2747 807 6467
1 492
5 9459 8622 3586 5606 2750
15 2986 4973 1239 249 9542 7978 1621 226 5549 9840 7073 2698 8947 1823 4378
15 7711 6558 6206 4225 7085 2577 1762 2386 1098 6677 174 7069 1020 6890 5399
16 24 6649 3697 1013 1635 2455 4863 7253 1537 9516 1096 1590 3088 6191 5817 6448
16 5245 6547 3807 5584 2128 9911 4167 4096 1783 539 7247 5842 8341 4996 4332 5501
25 7070 2941 5027 9166 739 4648 1986 4869 4403 4119 2234 4499 6908 3045 6483 4932 5802 573 9147 3520 9095 7943 343 9536 2210
20 4855 2006 3865 4207 8085 241 2126 2969 2043 1264 7259 9480 333 6560 5223 7127 13 3791 710 5230
15 622 8932 5359 825 8747 7840 9962 5792 5074 6059 9083 9740 8847 3838 9876
17 4679 7941 8257 6865 2910 4625 970 875 798 1744 9606 1303 2277 1677 9673 4568 5266
19 8179 1414 5237 608 2783 6402 7191 1943 342 2154 2710 4082 8032 1280 9608 9589 8057 9770 7105
5 7862 7438 1023 2262 7458
6 5332 4043 9547 3448 641 3755
7 4352 6610 6311 9025 8424 8210 2839
18 6822 6884 7867 2470 9846 3624 3173 338 6682 5350 2545 3320 7954 3950 3441 3390 9214 2983
12 5235 1323 1251 5425 3585 9042 2480 1531 3722 3824 1439 7133
22 4788 1492 3067 6951 9705 3594 1511 3785 7931 4690 543 8917 2254 4201 5194 9115 8011 2879 4752 9614 6350 9472
30 6381 583 4536 3197 6752 128 435 9341 8938 5100 4117 9724 1897 7220 2955 809 1920 7072 5336 2222 2022 1754 8999 5294 3110 4047 3945 9005 4795 8267
9 1778 5872 3178 6568 389 9369 2540 8740 9354
20 7657 8587 5358 6239 3566 2857 2122 5073 3251 4979 3413 7175 6626 8514 4859 2815 6294 8113 3712 8100
9 9313 3103 105 6515 6845 6266 9545 2664 1950
17 5300 9979 9046 627 8978 3512 5628 5847 1203 6138 4351 801 3777 7752 1434 7919 8000
10 5562 9784 5810 2378 2428 8393 911 6365 1646 2617
4 7972 1327 5631 6417
7 2735 1332 3575 8719 9713 1219 5254
9 3760 4540 5361 7714 144 662 263 3275 7566
1 4471
4 3629 3992 3709 8921
15 713 9744 5291 7278 6279 2023 1638 8063 6459 2462 6309 3063 8982 6113 7223
1 2430
14 2869 7364 8245 581 5217 8496 1737 33 7938 7991 2926 6271 5108 3713
1 5226
5 3358 3890 4697 4140 7986
2 7122 2448
24 9563 554 6654 2123 8832 5732 6526 5116 8266 6848 3977 1416 5882 6347 6145 9066 7826 2353 436 6051 1951 3478 8120 1507
20 6724 7188 7156 8792 9613 7162 3315 1787 9998 928 9079 3361 8966 1347 3143 2550 9169 2456 6931 7058
10 3696 8800 1875 4711 4851 5587 6995 3506 7519 218
2 7453 9520
1 2758
20 4435 3410 9406 2714 5746 6192 565 2338 921 8028 9779 4549 4876 7728 1400 229 6576 2203 7825 2243
3 9927 5821 1185
2 5934 3861
6 1002 4329 3742 8185 4592 8910
5 2346 6258 4790 4929 8232
15 273 5304 5971 8055 8774 2717 5394 5005 4567 7871 7408 140 3298 7115 2321
9 311 4643 9833 3469 9322 1042 6090 3346 4393
8 7108 9644 2116 3016 3650 5438 6929 3207
22 55 61 3049 9996 2198 4782 4065 938 4365 1253 114 340 7241 6616 5460 8613 8519 1003 4103 3458 8942 124
7 5371 4812 7051 4308 4040 3289 6693
7 4301 900 4445 4779 3984 8331 3048
11 957 2296 3640 3334 5054 2981 5486 9583 4144 8422 4891
1 8596
10 6695 3743 8410 8035 4398 6426 4072 732 5561 7678
13 8189 6924 9691 8040 9804 6601 5553 7989 5435 2683 8430 3618 1425
14 519 8272 6297 7754 6290 7547 9384 3738 5186 7892 3835 4968 8433 7937
18 6916 9949 4636 8027 7650 6530 6938 3956 7607 2744 148 1969 1892 3218 1547 8171 2658 1653
19 423 9847 7877 2589 5744 7792 482 9512 2613 2320 7187 8444 9015 8400 7529 8817 7354 3519 4321
4 9140 3564 6744 773
14 3008 2641 7451 6741 4815 1755 6247 9228 2373 6226 2678 5038 9615 7432
18 7229 1773 8073 507 1453 8505 9513 2844 2016 9699 6937 3363 1128 6035 4897 5666 9329 2704
13 1735 2828 7287 1651 3557 2663 5170 5995 1561 2933 4845 3161 6018
19 1776 7186 6735 2036 8155 4371 6121 9379 9785 3449 3052 5080 687 664 6343 6250 1093 4320 8789
3 4894 5979 6127
20 4586 2233 8848 5890 498 4493 8909 2184 8064 693 7590 903 4671 5788 9339 3140 5551 5616 7356 7700
1 2591
5 5649 8412 5260 7609 2887
1 1000
20 6815 8420 4056 8557 5393 2293 720 2216 5678 5228 4744 5878 1071 887 4715 4336 1385 269 6136 3870
13 8578 285 7009 9867 1493 9170 7835 2564 5978 298 4145 9749 3286
3 7401 5406 3288
5 4011 4181 6665 8054 4041
19 1978 5218 2536 9385 8529 6597 1790 7142 6495 7099 4289 1856 4952 3464 5224 1579 9172 7123 2318
18 7561 3249 4885 2523 8816 2140 1587 156 3466 3163 2582 9310 4447 6534 1278 7057 5848 1300
15 6039 2633 7999 213 1025 2820 1360 555 8386 6096 5443 3134 6458 3857 1948
20 445 7849 7020 1524 935 6762 6161 6389 4582 4430 5963 344 2226 3034 8608 1059 5653 8453 762 8046
11 5769 8559 2324 8459 2711 5307 4099 4819 2383 4523 9723
18 734 8736 8021 874 3200 3542 6357 5375 2343 8334 7250 6555 5671 14 4390 3887 4310 7349
15 8184 799 670 9292 4647 223 5203 4492 5316 770 6242 4338 4319 9296 1157
10 3147 4559 2204 4835 7908 5461 1847 1642 3120 2221
1 8824
1 7025
6 2866 882 4530 1064 9569 204
5 8303 5661 4281 9532 7163
19 8329 7224 2649 2984 7812 352 6103 2439 2959 7853 1388 346 6781 7902 7437 5362 9220 6603 5672
11 2465 7104 4194 854 9180 115 6746 8788 1473 3347 8618
4 8968 7742 8098 5859
11 4829 6134 5992 4970 3813 9865 207 323 2593 3588 5825
13 1833 1227 3758 284 7787 1365 7643 76 7672 6102 7760 142 8648
7 4048 7506 7719 9753 1318 638 9467
3 6912 2541 4604
18 117 489 19 4260 4200 2495 6503 5724 2602 5709 8550 7266 5734 1057 1711 9839 6586 766
5 4150 2240 524 7909 5646
11 7684 1205 7126 3348 6065 5404 3284 7783 8543 8371 2563
22 1040 8698 1407 4781 902 7927 7870 9179 2979 8851 8159 9038 946 5396 2619 2258 2310 2583 898 170 8480 2697
16 8731 6877 9267 6718 3445 161 9234 2072 4857 9607 3595 2099 796 1304 8850 4841
3 1399 1015 5894
5 6377 548 4298 6193 3638
23 7929 6199 2422 4848 3739 5374 1466 1967 714 4710 855 8522 4527 4763 1147 7751 8980 7824 325 6748 8535 9956 9887
11 6740 4107 8665 1785 5669 9977 406 6919 3781 3860 6022
6 8071 1115 4133 9766 2253 5791
1 1159
11 7013 3159 6332 6588 2124 9715 5185 8707 8581 1805 2163
22 2883 8675 1883 9347 8426 3830 9562 5650 1346 2875 6114 8692 6692 5738 1155 7828 6889 5563 5758 4803 5504 8636
14 6198 8271 7512 8447 8254 9064 4854 7816 8014 7381 4701 153 5552 180
1 7433
19 541 5902 6656 7320 7357 7546 9640 1601 5234 8379 9948 7169 7370 6769 1956 3903 5543 2671 7509
25 606 5424 7141 4877 4437 200 6255 596 8445 5660 3867 2034 3186 9403 8930 7747 6100 4934 8398 9797 3611 8163 5697 5555 8308
19 6424 190 2079 892 9011 856 9923 5382 5610 7651 3101 5326 605 7694 7540 4811 707 976 6828
19 7119 3005 8435 5006 47 3119 5366 2790 6925 384 8936 1174 8611 4616 3002 5147 8582 4962 840
23 4842 7889 2788 5049 4228 2059 1565 7048 8312 4832 3235 7179 5524 2894 765 1153 2823 2458 7977 1052 1087 6453 5884
1 2528
16 9864 9273 7555 1541 1907 1041 2068 6282 179 4462 7963 6287 4918 8606 3528 4732
6 8227 5141 1544 9097 557 5873
15 7196 3685 1709 8750 6823 198 3171 2638 6472 2136 251 8083 1887 4383 8195
4 3654 9946 6787 5886
2 3471 9824
19 5343 699 9595 277 9579 5725 4942 2039 8381 6561 5114 1895 3179 9676 901 5047 1204 181 383
24 2061 5381 3333 8020 7768 9634 3414 5751 7746 2260 979 9734 8705 1034 7032 2553 6388 373 36 2865 4649 9834 6063 2252
1 3491
6 7346 4219 7101 6027 9762 4949
22 6901 113 7114 7319 6634 6023 81 7894 4539 6861 7790 634 4572 3209 7181 182 1398 3671 9792 2138 5265 8217
14 1269 9412 9869 8791 6222 8815 7626 2308 651 2976 8487 685 8414 86
14 3055 2429 5491 5466 481 3717 1685 9127 826 4249 9418 9317 3408 3569
12 1874 320 3266 6859 8357 9904 3728 8919 0 5063 107 2170
22 8477 1784 4428 4184 5699 6749 4115 1910 9202 7642 1779 2248 6880 7353 2311 9102 5231 6761 4808 5977 2410 9380
14 5598 8787 9463 4661 1326 8796 1693 2171 3221 9224 7782 5742 2724 9461
16 1005 6767 3257 1697 4830 9232 2921 8326 9967 2285 4192 7390 5296 6 2508 5726
10 7464 5053 3071 8313 1084 2312 9635 7161 1599 2521
13 6541 6794 5654 6536 2731 9576 5400 6416 9302 232 5943 3091 7621
13 7891 6922 6575 5287 1168 3499 8662 918 2854 9863 3805 7775 1190
3 1208 2445 7093
1 5903
16 2720 6115 741 6658 5112 3396 6567 657 9505 6238 9771 3310 9993 980 675 7049
7 5991 1517 869 7395 2998 2845 1929
17 2316 3607 2278 1447 8262 9128 7314 1963 3502 6346 6197 8551 3661 9250 8873 6960 5225
17 5161 7028 8566 5507 6430 9375 8782 5879 21 592 5687 1821 2259 3046 4606 9677 7405
13 2774 1609 6747 3891 5540 7668 9044 9058 9451 3559 1139 8044 3035
6 1803 1922 822 18 4987 939
6 9483 3703 329 4158 5273 6246
6 8773 8819 9658 5985 8147 913
8 7575 7658 246 783 7722 8726 2322 3643
4 3202 778 6613 5423
10 6160 1113 1625 5120 6316 2686 348 2797 4773 1555
2 1381 4793
5 1973 9574 6622 6149 9515
5 5983 6914 2019 3313 7611
1 4887
20 8520 726 8573 4153 4658 3721 4256 74 509 4224 112 8565 7695 1661 879 4785 6434 6073 8123 7252
12 1867 8406 7293 8158 5295 2181 141 7143 2438 3902 5520 5059
5 2288 8948 2847 1701 6342
12 9913 9289 6784 5809 6591 7219 8654 3480 1510 9334 2185 5659
21 4058 6843 1637 4387 2963 5771 2167 5690 137 9716 8299 6264 264 5531 810 9960 3848 2271 2457 1403 60
4 4071 2300 2755 7559
18 375 6529 2538 9191 1121 8207 1949 7276 1864 286 9192 7296 8177 7365 5522 4748 7655 2408
10 3614 6175 160 8356 5787 3971 5937 7789 2897 3665
14 8708 3025 3409 1852 4154 4613 3729 87 1694 7947 8722 6185 8925 7681
6 8395 4420 4716 790 5854 2363
2 7444 6143
10 1246 3744 8142 9 8701 8375 2659 7008 9690 925
7 7948 9210 5973 758 472 9906 6559
12 1194 7226 9527 6380 7679 5134 2994 8476 5383 8852 5319 1998
12 5860 8798 2125 4852 4831 7121 5378 5121 7577 3405 5714 3985
4 6463 3688 5790 8700
22 6228 5881 7435 6123 9246 3989 7086 4629 39 9001 3494 859 9506 4175 6892 1552 8205 1809 6470 9827 6479 562
23 6961 6044 9935 3773 6413 3583 2033 7282 8373 4809 1050 9194 3379 2150 3526 9907 6688 4179 2490 6445 831 1652 6870
18 9283 1794 5387 1734 4164 1111 4709 5211 8646 3447 7273 8889 9047 4580 3042 9577 4013 5173
2 1817 5370
2 9954 2669
20 9523 3667 6135 2426 1588 6125 5351 8034 1474 5298 8895 8986 8471 6229 919 7597 8508 7393 4662 7950
17 8292 2507 8323 3603 4938 9070 6907 6864 3145 2555 7887 4425 191 4983 7476 6518 5841
2 8192 1018
5 7779 5379 5357 6801 4483
23 1138 9187 3276 5572 3188 5955 2060 3435 3451 7498 5317 3438 6675 4051 1162 1577 6954 9439 2628 4723 1865 3514 4846
2 5441 1038
4 7284 1126 5932 89
4 3193 8165 7371 8727
4 5341 7147 3749 962
3 8950 477 7522
15 6607 9052 7428 4196 326 8614 9497 6716 9612 9754 1132 9245 6040 8658 9910
21 7952 8024 6669 8146 1873 3112 595 8018 4594 2557 8906 2433 5255 7756 5544 4079 430 1082 9776 1006 6750
6 872 2877 669 1923 2117 1136
2 4646 1452
23 5086 1315 7455 5948 8449 9627 4875 8772 4652 6274 1433 243 217 3897 5618 860 5207 8666 8226 818 2544 6339 2824
2 4027 7813
16 9090 8786 4807 7884 9546 3530 5527 3999 7497 2816 2483 9599 5580 6212 9829 4124
1 3560
1 1855
14 8711 2645 9247 7743 3234 9258 1877 7290 2905 7906 4553 1247 2449 8879
6 4411 5928 1751 465 1718 307
23 1866 6404 9137 5510 4635 6245 2937 9889 2753 5702 7915 7614 9436 2284 5789 6564 4142 2725 4563 9129 5058 1705 5731
17 3371 6269 3826 3104 4299 4137 3038 7636 578 5221 3757 3213 4429 8258 7400 4166 820
17 6965 9920 3632 8194 3669 4824 1756 8264 7875 7439 9728 4577 1893 9123 7731 1134 8684
1 4796
25 297 7064 1372 7082 9556 5541 9511 9171 8188 7761 3507 7507 5167 1945 4334 3164 426 4751 9007 176 316 7881 3825 5592 5110
6 7613 4305 5312 4799 8463 6623
1 2939
2 3090 1344
17 4687 1438 1630 6110 6875 1640 1252 572 7342 1051 2713 6047 5216 3756 470 4524 4818
14 2015 6454 9410 3439 8510 8126 6116 7330 9081 1808 9656 8385 7017 7036
1 6527
16 6403 5557 1461 6085 9355 6318 4514 5153 2488 4174 5269 667 9711 5819 3021 4277
12 368 6249 2454 411 3872 5667 2211 6993 5931 5682 8131 1574
8 2412 9067 1295 8939 9374 5538 8612 9931
3 3307 4838 1545
5 6670 9411 3076 923 7641
13 7379 3261 5064 1308 5420 3142 1853 9750 5407 6112 6664 3723 3928
1 978
6 4006 2812 7899 8019 5456 3871
13 563 5070 5176 2546 6755 604 324 1467 2193 8265 1931 7795 9387
7 1664 2477 2769 1075 5577 3827 4778
7 2718 3637 2880 1290 795 6494 5798
19 2008 9698 696 5034 1177 984 5952 189 395 9722 3980 1990 9932 2083 5750 438 805 8301 5545
13 4495 2531 7329 9282 1240 9657 9065 5087 230 7701 4770 5513 4374
4 1376 9915 566 9312
13 3817 3990 6410 5303 2999 4605 254 6306 4906 7454 7741 5573 6111
12 4758 7640 9155 2851 1894 143 8501 1095 3591 4725 5398 7996
18 4948 4836 4664 9054 9362 5664 183 3525 2890 504 834 4728 1195 3656 3812 6702 4399 1120
9 6031 9620 5495 6313 3532 7515 5969 9304 7834
5 1273 610 6433 9990 3617
13 8670 5506 5916 6428 123 4230 4729 56 5855 3093 8898 2840 3626
2 2053 4023
18 8728 6662 315 2566 9757 3319 6825 4588 1878 648 8089 5760 8674 4350 7460 2914 1207 7855
18 9888 2742 1218 5957 4376 8768 7535 4623 2359 1671 1092 9528 9061 8607 4883 8490 8222 5459
6 8306 3719 6650 8710 6869 1293
7 2212 9206 9243 3702 5604 9736 7173
3 6879 4736 8022
4 9349 8525 75 835
12 8564 3579 2791 9636 4914 767 7075 1356 1699 7182 3274 8036
3 9377 5174 7166
14 6633 7993 8699 965 4482 7246 7558 847 9987 3487 104 9653 71 8994
5 23 8144 3388 5891 5037
19 7109 3740 6422 5803 2948 6683 9534 1753 2793 5136 2127 3934 2870 3681 8279 5900 5629 3664 8497
23 5885 3168 8630 1605 8104 9631 4141 3940 886 1299 3547 274 1832 3919 1187 8805 4926 526 6401 7530 4976 7410 9326
17 3693 7180 2106 2143 2511 1010 9485 9464 6251 2760 5919 4672 5813 8770 3204 7138 479
2 8402 1226
1 9868
12 2247 9207 1142 6338 5816 6647 8023 93 495 2215 6072 2709
13 580 1384 3384 8574 8157 7277 9068 3122 8857 6578 363 6972 4417
3 2573 224 3545
22 4307 9845 483 7494 5241 9975 1912 8072 4916 3925 5016 6286 4900 3226 3600 6302 401 70 2609 6260 9637 4296
7 1192 3504 2629 4354 8363 8862 8238
5 364 9455 2792 7660 7376
12 9985 4020 1106 1349 9177 3648 7334 3454 4138 3562 5055 6400
1 1880
15 9619 3692 6139 3596 7210 3510 9104 1797 908 4121 9366 3455 2269 2005 1022
20 2944 5285 956 5620 7698 8575 9392 2680 9659 6353 3150 1289 3634 8769 1987 5935 31 2289 8870 4766
6 8088 8808 5253 1076 2238 3931
8 4070 7833 3676 7896 2773 3631 2764 2090
17 9679 4346 5192 4882 5698 8198 3816 7683 4291 2751 3060 7367 8866 6941 4197 2411 1569
20 8204 3245 4414 9974 6053 95 6903 5135 5914 5072 1026 7961 9050 3019 4721 1849 6979 2152 3620 8377
19 29 7709 5858 5369 5535 9702 7785 3102 9812 408 8153 8584 7942 571 9692 5688 5652 3679 247
7 9186 6153 8488 845 1602 3994 3883
18 1105 5917 9564 9652 9826 8961 8115 7160 2514 3733 3633 4149 729 2280 906 5125 2208 1336
14 8102 1406 4170 502 7662 9478 7490 689 1668 186 3873 250 5496 1284
6 9514 1140 2964 8957 9850 3153
23 3149 3239 394 2603 5213 2512 2915 7372 318 6173 3290 7693 1930 1199 8475 4810 3158 7038 4412 1586 1306 4292 5434
15 5445 5716 2327 2424 4693 5710 8464 1369 8667 1568 1946 5767 1065 5479 7482
7 3167 1993 7864 4511 211 3230 5578
11 8965 9153 1361 5765 468 8579 1118 8001 8178 1378 3886
7 1135 7388 5327 6516 4288 7307 240
8 7804 8678 5432 9596 432 9227 3863 2224
2 4467 4941
8 2176 1659 5410 899 8838 1522 9281 9668
2 4520 6753
4 499 9541 7362 1558
1 8563
8 3291 9943 441 4827 3272 3111 7441 4783
10 3381 8828 5010 8837 9540 598 1488 9311 2691 8503
17 920 4098 658 7553 457 6076 7794 7647 9421 1682 1131 1645 6273 2961 1359 3380 4908
7 3362 9533 9621 9999 9146 3850 231
7 8967 8090 2329 8517 8556 44 9196
1 5968
4 7499 5281 9430 7335
17 3444 2020 1724 7612 8209 3329 209 3199 5783 102 553 865 6866 1624 9193 996 2265
1 7581
22 7957 1815 7140 5808 1100 7248 5712 381 5263 46 1862 584 1741 1854 4505 7295 3094 2339 4134 7311 4432 5311
6 5018 9440 3225 188 1573 2530
4 4618 4904 8119 1680
2 6544 4865
6 7325 1021 2287 5874 5293 1410
2 6277 7061
10 9252 6720 3937 6330 2574 5521 7154 4490 4268 792
23 7318 1512 2748 2975 6450 69 5602 8995 907 369 5062 5715 2364 1824 9961 2342 5096 7489 2610 1456 2049 7820 1662
6 8553 234 6241 2276 9794 6505
9 6663 4143 7450 5051 1301 5494 4951 3619 8321
8 1146 6936 2096 8877 3780 6465 5179 2627
8 2418 5048 6717 82 7586 391 7472 6934
13 7347 7734 3397 1839 9509 1367 4759 7001 5458 8941 8527 2586 9719
18 6807 6304 3821 9735 7682 5279 4302 6462 4912 6543 1457 5574 2481 9493 2679 749 7146 5586
1 7110
10 5970 9649 4223 4084 3680 2551 5193 9433 7077 4469
10 3608 813 5152 3033 3254 9773 8580 5471 7035 8174
12 2297 2444 2596 8863 8720 8537 1759 488 4554 8718 8594 7953
9 8890 2111 7589 4413 4172 4909 327 2848 5542
1 7206
10 9925 2761 1520 8949 756 8641 1210 5944 9176 3978
26 9409 2912 5402 1024 8370 5347 8955 2105 6484 2141 612 7807 3973 2995 27 2029 270 2529 1617 3327 9215 8327 1001 136 5449 6976
6 187 233 3374 1765 5178 6834
19 4214 7810 5990 3572 7430 378 9381 8864 2402 3027 8077 3771 1928 4401 1935 6676 5857 4955 1575
5 7227 8251 579 722 7289
18 4475 9452 6208 4913 3657 1979 2599 2634 5852 96 6759 532 486 1633 5390 7404 4545 8802
1 1339
7 4637 310 1077 3400 994 7649 910
14 1178 5124 5782 7560 8247 7706 4612 8408 3219 1813 392 9638 8337 2307
18 9901 8489 7380 1250 843 4496 9848 9423 3598 7623 5337 4391 4161 5322 3229 737 5244 2427
20 549 219 3294 8739 2690 290 6356 4139 2011 3731 8017 4590 6778 42 9883 3268 299 8790 2100 1562
20 8703 1353 9670 4583 7846 2118 718 2982 6618 8687 281 1871 5117 9821 9899 287 8315 7644 3252 1009
12 3578 8239 7630 3968 3774 4774 1731 5159 1230 6257 5723 587
14 8878 4657 3493 2355 5021 1695 6369 5657 7202 4273 4127 2862 4392 4185
10 961 6418 817 3208 9495 3972 2654 2415 4772 7773
9 1529 9924 7218 5395 7409 9721 3043 5865 7348
6 306 5446 9700 2770 7111 3543
15 6252 3181 3694 9428 7556 9565 6935 3653 5960 763 1191 3535 20 6439 3730
7 4528 4463 8717 2172 3097 4077 2038
22 2559 8029 6155 8784 6392 6969 2406 1947 4685 8460 2478 4614 6636 7031 3558 4431 9861 8249 3107 4156 7985 7539
19 6694 9405 9852 2230 7249 4826 6446 7479 8506 7383 1760 8132 6195 791 2730 2677 3402 5150 3456
1 5071
11 768 864 1267 6985 1676 2191 9780 8738 1068 5 1546
7 9763 6108 8797 690 7601 7112 6390
10 6689 5674 64 6659 6393 8661 8599 764 7600 2509
21 3555 9291 6485 2357 5500 6265 5012 2781 8996 5864 1918 6947 9076 1172 1225 6991 2502 3975 2227 797 58
13 8342 7198 9503 439 9557 2000 772 4270 2893 5780 2819 2597 1958
16 1560 3655 8713 3947 1260 2825 7019 3086 5264 308 360 321 3386 8091 8818 1288
10 1319 1440 4402 7055 9309 5811 6994 1343 480 7281
8 7468 5272 1837 2073 4057 9131 5596 9938
17 7088 7230 2147 6474 1913 7811 5835 5372 4086 1842 9933 9895 7850 1938 948 5571 2625
7 1563 7207 536 2670 8549 8047 3064
19 5222 2942 4537 442 4733 8989 422 3513 5603 6596 1037 8751 3745 8380 4267 679 398 8874 6227
7 1209 7239 4317 535 5476 9117 8138
4 2736 5232 7467 2650
4 476 8397 1418 2813
1 7632
10 9121 3217 6354 1542 3957 4220 5046 2130 8350 7606
19 8840 5227 400 9965 448 506 633 9151 8620 8749 6308 1262 3006 6214 1213 2592 6819 9796 5718
3 1067 5376 4243
5 6466 463 3031 1626 3259
1 9287
11 4078 4066 7398 5721 1430 6946 9474 1130 3551 7720 5067
11 6150 6475 9681 643 4068 1027 2656 2286 1055 3969 1898
8 372 3605 9524 4481 7730 9019 9178 9359
12 873 9709 7552 1035 1375 2489 9519 1570 3858 1559 431 868
1 6517
9 3647 8201 4304 5775 9048 4506 2618 626 623
7 4309 9454 8008 1261 5415 9476 2909
2 6190 5953
4 8253 8122 5647 8669
10 3580 1879 8694 8111 6606 6959 3185 7533 6093 1244
4 7355 943 6644 2225
1 5982
11 719 6956 4415 1061 7603 7964 9764 9860 4186 1972 4203
20 8962 8086 2026 9890 1102 7534 1944 4060 2017 9435 4238 4178 1708 1354 5895 6461 8372 8552 5029 8154
22 3855 1528 6361 6502 5743 8629 1363 6563 6078 876 929 6378 7130 5360 1056 6887 2070 2157 6911 6288 5354 1658
12 7911 8458 4112 6202 35 4123 4045 2095 8801 1736 5975 4241
11 9550 2653 7150 6839 5582 6583 7459 6997 5408 3069 9203
2 7716 4557
20 3281 3527 8586 8328 7255 849 559 7344 1429 1392 561 6830 7917 4361 844 7424 7011 3032 5149 2441
14 2519 157 6900 8302 1421 164 942 2745 9912 3845 6728 5785 6129 9803
1 6686
11 3321 4945 8349 1793 1802 7968 9918 7375 9277 3378 757
16 3457 6780 1838 2436 3461 9469 1313 3840 2207 9458 9438 7866 7440 836 8335 8730
2 222 9693
15 3030 9820 1860 9401 493 6340 9617 3227 9908 5911 8009 7619 8844 3764 3367
16 6456 1228 3849 6327 5156 8403 5679 2729 8061 8679 9555 2554 3080 6080 6170 452
9 6321 6532 4961 4931 5812 6441 2134 8865 4922
15 5717 4984 8376 513 8382 6069 1634 2434 5082 1937 2057 4012 7788 7015 4622
9 7913 4862 9346 7859 9507 6853 9937 6721 1212
17 3988 3651 2928 8224 2916 6512 3434 987 8293 6298 4191 3206 7593 1086 3687 4177 8908
2 9675 9530
18 5324 2576 2313 3236 9473 3160 2335 8588 9018 1143 6531 3020 4901 9650 1939 7766 1150 8012
14 9216 2899 3779 119 3453 9678 4355 6156 9849 8571 6973 1088 8106 4129
17 666 2612 484 5523 4093 7106 556 3001 988 9921 7374 7303 8884 3589 2273 4348 8499
6 9249 6300 4162 6533 7527 4120
14 8509 7687 7129 7585 7557 6538 3778 4884 7809 3349 9831 295 2169 1254
2 5091 6221
8 5480 16 3172 5057 3892 616 4886 3517
15 2917 2695 9402 5517 5711 3482 3099 7749 7842 2978 9049 4570 7215 2922 4538
14 6913 271 5214 1206 8830 6540 6225 7736 7170 7705 8080 6795 1801 7696
18 9449 9751 5701 7037 9441 3356 77 5068 9665 7973 1397 8418 427 3184 6569 1722 4923 3698
21 3549 585 2166 5487 6164 1908 417 4656 8876 3098 659 6885 8793 339 5772 4680 4542 1536 7537 5547 8069
8 6745 252 4113 862 9103 6617 7802 9360
20 7799 3540 9274 7373 9610 85 6013 9031 6301 2535 4997 2644 7653 3809 345 2822 7563 1962 9573 4018
12 4717 4173 8971 3344 2800 8230 3533 4479 5939 3880 1437 4531
17 3311 9559 6220 7994 7096 9156 2693 1283 6600 7431 9984 8260 9396 59 4750 4091 2878
12 7040 2135 9626 6642 9270 5904 3061 2668 7059 2133 2463 9909
11 2384 4529 6736 8465 6232 5676 1495 7831 4446 6060 6492
3 2660 5665 8677
11 3708 8304 8241 5078 1691 2624 2094 7052 6322 8319 5003
23 9581 8213 8149 3138 1869 1518 5662 1331 4400 3165 4159 1424 9225 3763 7583 5589 1238 5056 6217 7165 6364 3279 3612
9 4644 952 9028 6566 4340 434 3495 1666 2620
9 8290 8835 2112 2652 2407 2417 594 4868 2055
3 3341 9916 9811
5 3936 5489 5896 2864 464
3 3539 9970 4683
